19 26 -78 -90 18 -19 
-121 -75 -51 -113 101 -4 
28 -2 33 58 -13 61 

-8 -47 -8 -98 69 93 
-13 -107 112 -46 -42 -117 
60 -47 48 15 51 -53 

-89 117 33 125 17 -121 
-8 59 -11 109 71 3 
-99 64 -70 22 -114 -47 

61 38 -54 50 119 -17 
-126 94 -73 83 -123 101 
-11 78 61 51 36 -31 

-63 103 29 -22 36 -109 
-12 69 -95 -124 40 50 
-76 -101 -26 95 -111 88 

108 -14 -100 -74 -8 -67 
115 57 117 -126 -16 -14 
-24 92 70 -112 88 12 

-30 -24 -95 -69 112 64 
92 -94 -93 -66 -45 -51 
-106 82 -44 -16 -35 -87 

-31 120 -109 94 3 -69 
-120 -83 118 -91 -88 -70 
10 7 -49 45 68 56 


19 26 -78 -90 18 -19 
-121 -75 -51 -113 101 -4 
28 -2 33 58 -13 61 

-8 -47 -8 -98 69 93 
-13 -107 112 -46 -42 -117 
60 -47 48 15 51 -53 

-89 117 33 125 17 -121 
-8 59 -11 109 71 3 
-99 64 -70 22 -114 -47 

61 38 -54 50 119 -17 
-126 94 -73 83 -123 101 
-11 78 61 51 36 -31 

-63 103 29 -22 36 -109 
-12 69 -95 -124 40 50 
-76 -101 -26 95 -111 88 

108 -14 -100 -74 -8 -67 
115 57 117 -126 -16 -14 
-24 92 70 -112 88 12 

-30 -24 -95 -69 112 64 
92 -94 -93 -66 -45 -51 
-106 82 -44 -16 -35 -87 

-31 120 -109 94 3 -69 
-120 -83 118 -91 -88 -70 
10 7 -49 45 68 56 


19 26 -78 -90 18 -19 
-121 -75 -51 -113 101 -4 
28 -2 33 58 -13 61 

-8 -47 -8 -98 69 93 
-13 -107 112 -46 -42 -117 
60 -47 48 15 51 -53 

-89 117 33 125 17 -121 
-8 59 -11 109 71 3 
-99 64 -70 22 -114 -47 

61 38 -54 50 119 -17 
-126 94 -73 83 -123 101 
-11 78 61 51 36 -31 

-63 103 29 -22 36 -109 
-12 69 -95 -124 40 50 
-76 -101 -26 95 -111 88 

108 -14 -100 -74 -8 -67 
115 57 117 -126 -16 -14 
-24 92 70 -112 88 12 

-30 -24 -95 -69 112 64 
92 -94 -93 -66 -45 -51 
-106 82 -44 -16 -35 -87 

-31 120 -109 94 3 -69 
-120 -83 118 -91 -88 -70 
10 7 -49 45 68 56 


19 26 -78 -90 18 -19 
-121 -75 -51 -113 101 -4 
28 -2 33 58 -13 61 

-8 -47 -8 -98 69 93 
-13 -107 112 -46 -42 -117 
60 -47 48 15 51 -53 

-89 117 33 125 17 -121 
-8 59 -11 109 71 3 
-99 64 -70 22 -114 -47 

61 38 -54 50 119 -17 
-126 94 -73 83 -123 101 
-11 78 61 51 36 -31 

-63 103 29 -22 36 -109 
-12 69 -95 -124 40 50 
-76 -101 -26 95 -111 88 

108 -14 -100 -74 -8 -67 
115 57 117 -126 -16 -14 
-24 92 70 -112 88 12 

-30 -24 -95 -69 112 64 
92 -94 -93 -66 -45 -51 
-106 82 -44 -16 -35 -87 

-31 120 -109 94 3 -69 
-120 -83 118 -91 -88 -70 
10 7 -49 45 68 56 



19 26 -78 -90 18 -19 
-121 -75 -51 -113 101 -4 
28 -2 33 58 -13 61 

-8 -47 -8 -98 69 93 
-13 -107 112 -46 -42 -117 
60 -47 48 15 51 -53 

-89 117 33 125 17 -121 
-8 59 -11 109 71 3 
-99 64 -70 22 -114 -47 

61 38 -54 50 119 -17 
-126 94 -73 83 -123 101 
-11 78 61 51 36 -31 

-63 103 29 -22 36 -109 
-12 69 -95 -124 40 50 
-76 -101 -26 95 -111 88 

108 -14 -100 -74 -8 -67 
115 57 117 -126 -16 -14 
-24 92 70 -112 88 12 

-30 -24 -95 -69 112 64 
92 -94 -93 -66 -45 -51 
-106 82 -44 -16 -35 -87 

-31 120 -109 94 3 -69 
-120 -83 118 -91 -88 -70 
10 7 -49 45 68 56 


19 26 -78 -90 18 -19 
-121 -75 -51 -113 101 -4 
28 -2 33 58 -13 61 

-8 -47 -8 -98 69 93 
-13 -107 112 -46 -42 -117 
60 -47 48 15 51 -53 

-89 117 33 125 17 -121 
-8 59 -11 109 71 3 
-99 64 -70 22 -114 -47 

61 38 -54 50 119 -17 
-126 94 -73 83 -123 101 
-11 78 61 51 36 -31 

-63 103 29 -22 36 -109 
-12 69 -95 -124 40 50 
-76 -101 -26 95 -111 88 

108 -14 -100 -74 -8 -67 
115 57 117 -126 -16 -14 
-24 92 70 -112 88 12 

-30 -24 -95 -69 112 64 
92 -94 -93 -66 -45 -51 
-106 82 -44 -16 -35 -87 

-31 120 -109 94 3 -69 
-120 -83 118 -91 -88 -70 
10 7 -49 45 68 56 


19 26 -78 -90 18 -19 
-121 -75 -51 -113 101 -4 
28 -2 33 58 -13 61 

-8 -47 -8 -98 69 93 
-13 -107 112 -46 -42 -117 
60 -47 48 15 51 -53 

-89 117 33 125 17 -121 
-8 59 -11 109 71 3 
-99 64 -70 22 -114 -47 

61 38 -54 50 119 -17 
-126 94 -73 83 -123 101 
-11 78 61 51 36 -31 

-63 103 29 -22 36 -109 
-12 69 -95 -124 40 50 
-76 -101 -26 95 -111 88 

108 -14 -100 -74 -8 -67 
115 57 117 -126 -16 -14 
-24 92 70 -112 88 12 

-30 -24 -95 -69 112 64 
92 -94 -93 -66 -45 -51 
-106 82 -44 -16 -35 -87 

-31 120 -109 94 3 -69 
-120 -83 118 -91 -88 -70 
10 7 -49 45 68 56 


19 26 -78 -90 18 -19 
-121 -75 -51 -113 101 -4 
28 -2 33 58 -13 61 

-8 -47 -8 -98 69 93 
-13 -107 112 -46 -42 -117 
60 -47 48 15 51 -53 

-89 117 33 125 17 -121 
-8 59 -11 109 71 3 
-99 64 -70 22 -114 -47 

61 38 -54 50 119 -17 
-126 94 -73 83 -123 101 
-11 78 61 51 36 -31 

-63 103 29 -22 36 -109 
-12 69 -95 -124 40 50 
-76 -101 -26 95 -111 88 

108 -14 -100 -74 -8 -67 
115 57 117 -126 -16 -14 
-24 92 70 -112 88 12 

-30 -24 -95 -69 112 64 
92 -94 -93 -66 -45 -51 
-106 82 -44 -16 -35 -87 

-31 120 -109 94 3 -69 
-120 -83 118 -91 -88 -70 
10 7 -49 45 68 56 



19 26 -78 -90 18 -19 
-121 -75 -51 -113 101 -4 
28 -2 33 58 -13 61 

-8 -47 -8 -98 69 93 
-13 -107 112 -46 -42 -117 
60 -47 48 15 51 -53 

-89 117 33 125 17 -121 
-8 59 -11 109 71 3 
-99 64 -70 22 -114 -47 

61 38 -54 50 119 -17 
-126 94 -73 83 -123 101 
-11 78 61 51 36 -31 

-63 103 29 -22 36 -109 
-12 69 -95 -124 40 50 
-76 -101 -26 95 -111 88 

108 -14 -100 -74 -8 -67 
115 57 117 -126 -16 -14 
-24 92 70 -112 88 12 

-30 -24 -95 -69 112 64 
92 -94 -93 -66 -45 -51 
-106 82 -44 -16 -35 -87 

-31 120 -109 94 3 -69 
-120 -83 118 -91 -88 -70 
10 7 -49 45 68 56 


19 26 -78 -90 18 -19 
-121 -75 -51 -113 101 -4 
28 -2 33 58 -13 61 

-8 -47 -8 -98 69 93 
-13 -107 112 -46 -42 -117 
60 -47 48 15 51 -53 

-89 117 33 125 17 -121 
-8 59 -11 109 71 3 
-99 64 -70 22 -114 -47 

61 38 -54 50 119 -17 
-126 94 -73 83 -123 101 
-11 78 61 51 36 -31 

-63 103 29 -22 36 -109 
-12 69 -95 -124 40 50 
-76 -101 -26 95 -111 88 

108 -14 -100 -74 -8 -67 
115 57 117 -126 -16 -14 
-24 92 70 -112 88 12 

-30 -24 -95 -69 112 64 
92 -94 -93 -66 -45 -51 
-106 82 -44 -16 -35 -87 

-31 120 -109 94 3 -69 
-120 -83 118 -91 -88 -70 
10 7 -49 45 68 56 


19 26 -78 -90 18 -19 
-121 -75 -51 -113 101 -4 
28 -2 33 58 -13 61 

-8 -47 -8 -98 69 93 
-13 -107 112 -46 -42 -117 
60 -47 48 15 51 -53 

-89 117 33 125 17 -121 
-8 59 -11 109 71 3 
-99 64 -70 22 -114 -47 

61 38 -54 50 119 -17 
-126 94 -73 83 -123 101 
-11 78 61 51 36 -31 

-63 103 29 -22 36 -109 
-12 69 -95 -124 40 50 
-76 -101 -26 95 -111 88 

108 -14 -100 -74 -8 -67 
115 57 117 -126 -16 -14 
-24 92 70 -112 88 12 

-30 -24 -95 -69 112 64 
92 -94 -93 -66 -45 -51 
-106 82 -44 -16 -35 -87 

-31 120 -109 94 3 -69 
-120 -83 118 -91 -88 -70 
10 7 -49 45 68 56 


19 26 -78 -90 18 -19 
-121 -75 -51 -113 101 -4 
28 -2 33 58 -13 61 

-8 -47 -8 -98 69 93 
-13 -107 112 -46 -42 -117 
60 -47 48 15 51 -53 

-89 117 33 125 17 -121 
-8 59 -11 109 71 3 
-99 64 -70 22 -114 -47 

61 38 -54 50 119 -17 
-126 94 -73 83 -123 101 
-11 78 61 51 36 -31 

-63 103 29 -22 36 -109 
-12 69 -95 -124 40 50 
-76 -101 -26 95 -111 88 

108 -14 -100 -74 -8 -67 
115 57 117 -126 -16 -14 
-24 92 70 -112 88 12 

-30 -24 -95 -69 112 64 
92 -94 -93 -66 -45 -51 
-106 82 -44 -16 -35 -87 

-31 120 -109 94 3 -69 
-120 -83 118 -91 -88 -70 
10 7 -49 45 68 56 



19 26 -78 -90 18 -19 
-121 -75 -51 -113 101 -4 
28 -2 33 58 -13 61 

-8 -47 -8 -98 69 93 
-13 -107 112 -46 -42 -117 
60 -47 48 15 51 -53 

-89 117 33 125 17 -121 
-8 59 -11 109 71 3 
-99 64 -70 22 -114 -47 

61 38 -54 50 119 -17 
-126 94 -73 83 -123 101 
-11 78 61 51 36 -31 

-63 103 29 -22 36 -109 
-12 69 -95 -124 40 50 
-76 -101 -26 95 -111 88 

108 -14 -100 -74 -8 -67 
115 57 117 -126 -16 -14 
-24 92 70 -112 88 12 

-30 -24 -95 -69 112 64 
92 -94 -93 -66 -45 -51 
-106 82 -44 -16 -35 -87 

-31 120 -109 94 3 -69 
-120 -83 118 -91 -88 -70 
10 7 -49 45 68 56 


19 26 -78 -90 18 -19 
-121 -75 -51 -113 101 -4 
28 -2 33 58 -13 61 

-8 -47 -8 -98 69 93 
-13 -107 112 -46 -42 -117 
60 -47 48 15 51 -53 

-89 117 33 125 17 -121 
-8 59 -11 109 71 3 
-99 64 -70 22 -114 -47 

61 38 -54 50 119 -17 
-126 94 -73 83 -123 101 
-11 78 61 51 36 -31 

-63 103 29 -22 36 -109 
-12 69 -95 -124 40 50 
-76 -101 -26 95 -111 88 

108 -14 -100 -74 -8 -67 
115 57 117 -126 -16 -14 
-24 92 70 -112 88 12 

-30 -24 -95 -69 112 64 
92 -94 -93 -66 -45 -51 
-106 82 -44 -16 -35 -87 

-31 120 -109 94 3 -69 
-120 -83 118 -91 -88 -70 
10 7 -49 45 68 56 


19 26 -78 -90 18 -19 
-121 -75 -51 -113 101 -4 
28 -2 33 58 -13 61 

-8 -47 -8 -98 69 93 
-13 -107 112 -46 -42 -117 
60 -47 48 15 51 -53 

-89 117 33 125 17 -121 
-8 59 -11 109 71 3 
-99 64 -70 22 -114 -47 

61 38 -54 50 119 -17 
-126 94 -73 83 -123 101 
-11 78 61 51 36 -31 

-63 103 29 -22 36 -109 
-12 69 -95 -124 40 50 
-76 -101 -26 95 -111 88 

108 -14 -100 -74 -8 -67 
115 57 117 -126 -16 -14 
-24 92 70 -112 88 12 

-30 -24 -95 -69 112 64 
92 -94 -93 -66 -45 -51 
-106 82 -44 -16 -35 -87 

-31 120 -109 94 3 -69 
-120 -83 118 -91 -88 -70 
10 7 -49 45 68 56 


19 26 -78 -90 18 -19 
-121 -75 -51 -113 101 -4 
28 -2 33 58 -13 61 

-8 -47 -8 -98 69 93 
-13 -107 112 -46 -42 -117 
60 -47 48 15 51 -53 

-89 117 33 125 17 -121 
-8 59 -11 109 71 3 
-99 64 -70 22 -114 -47 

61 38 -54 50 119 -17 
-126 94 -73 83 -123 101 
-11 78 61 51 36 -31 

-63 103 29 -22 36 -109 
-12 69 -95 -124 40 50 
-76 -101 -26 95 -111 88 

108 -14 -100 -74 -8 -67 
115 57 117 -126 -16 -14 
-24 92 70 -112 88 12 

-30 -24 -95 -69 112 64 
92 -94 -93 -66 -45 -51 
-106 82 -44 -16 -35 -87 

-31 120 -109 94 3 -69 
-120 -83 118 -91 -88 -70 
10 7 -49 45 68 56 



19 26 -78 -90 18 -19 
-121 -75 -51 -113 101 -4 
28 -2 33 58 -13 61 

-8 -47 -8 -98 69 93 
-13 -107 112 -46 -42 -117 
60 -47 48 15 51 -53 

-89 117 33 125 17 -121 
-8 59 -11 109 71 3 
-99 64 -70 22 -114 -47 

61 38 -54 50 119 -17 
-126 94 -73 83 -123 101 
-11 78 61 51 36 -31 

-63 103 29 -22 36 -109 
-12 69 -95 -124 40 50 
-76 -101 -26 95 -111 88 

108 -14 -100 -74 -8 -67 
115 57 117 -126 -16 -14 
-24 92 70 -112 88 12 

-30 -24 -95 -69 112 64 
92 -94 -93 -66 -45 -51 
-106 82 -44 -16 -35 -87 

-31 120 -109 94 3 -69 
-120 -83 118 -91 -88 -70 
10 7 -49 45 68 56 


19 26 -78 -90 18 -19 
-121 -75 -51 -113 101 -4 
28 -2 33 58 -13 61 

-8 -47 -8 -98 69 93 
-13 -107 112 -46 -42 -117 
60 -47 48 15 51 -53 

-89 117 33 125 17 -121 
-8 59 -11 109 71 3 
-99 64 -70 22 -114 -47 

61 38 -54 50 119 -17 
-126 94 -73 83 -123 101 
-11 78 61 51 36 -31 

-63 103 29 -22 36 -109 
-12 69 -95 -124 40 50 
-76 -101 -26 95 -111 88 

108 -14 -100 -74 -8 -67 
115 57 117 -126 -16 -14 
-24 92 70 -112 88 12 

-30 -24 -95 -69 112 64 
92 -94 -93 -66 -45 -51 
-106 82 -44 -16 -35 -87 

-31 120 -109 94 3 -69 
-120 -83 118 -91 -88 -70 
10 7 -49 45 68 56 


19 26 -78 -90 18 -19 
-121 -75 -51 -113 101 -4 
28 -2 33 58 -13 61 

-8 -47 -8 -98 69 93 
-13 -107 112 -46 -42 -117 
60 -47 48 15 51 -53 

-89 117 33 125 17 -121 
-8 59 -11 109 71 3 
-99 64 -70 22 -114 -47 

61 38 -54 50 119 -17 
-126 94 -73 83 -123 101 
-11 78 61 51 36 -31 

-63 103 29 -22 36 -109 
-12 69 -95 -124 40 50 
-76 -101 -26 95 -111 88 

108 -14 -100 -74 -8 -67 
115 57 117 -126 -16 -14 
-24 92 70 -112 88 12 

-30 -24 -95 -69 112 64 
92 -94 -93 -66 -45 -51 
-106 82 -44 -16 -35 -87 

-31 120 -109 94 3 -69 
-120 -83 118 -91 -88 -70 
10 7 -49 45 68 56 


19 26 -78 -90 18 -19 
-121 -75 -51 -113 101 -4 
28 -2 33 58 -13 61 

-8 -47 -8 -98 69 93 
-13 -107 112 -46 -42 -117 
60 -47 48 15 51 -53 

-89 117 33 125 17 -121 
-8 59 -11 109 71 3 
-99 64 -70 22 -114 -47 

61 38 -54 50 119 -17 
-126 94 -73 83 -123 101 
-11 78 61 51 36 -31 

-63 103 29 -22 36 -109 
-12 69 -95 -124 40 50 
-76 -101 -26 95 -111 88 

108 -14 -100 -74 -8 -67 
115 57 117 -126 -16 -14 
-24 92 70 -112 88 12 

-30 -24 -95 -69 112 64 
92 -94 -93 -66 -45 -51 
-106 82 -44 -16 -35 -87 

-31 120 -109 94 3 -69 
-120 -83 118 -91 -88 -70 
10 7 -49 45 68 56 



19 26 -78 -90 18 -19 
-121 -75 -51 -113 101 -4 
28 -2 33 58 -13 61 

-8 -47 -8 -98 69 93 
-13 -107 112 -46 -42 -117 
60 -47 48 15 51 -53 

-89 117 33 125 17 -121 
-8 59 -11 109 71 3 
-99 64 -70 22 -114 -47 

61 38 -54 50 119 -17 
-126 94 -73 83 -123 101 
-11 78 61 51 36 -31 

-63 103 29 -22 36 -109 
-12 69 -95 -124 40 50 
-76 -101 -26 95 -111 88 

108 -14 -100 -74 -8 -67 
115 57 117 -126 -16 -14 
-24 92 70 -112 88 12 

-30 -24 -95 -69 112 64 
92 -94 -93 -66 -45 -51 
-106 82 -44 -16 -35 -87 

-31 120 -109 94 3 -69 
-120 -83 118 -91 -88 -70 
10 7 -49 45 68 56 


19 26 -78 -90 18 -19 
-121 -75 -51 -113 101 -4 
28 -2 33 58 -13 61 

-8 -47 -8 -98 69 93 
-13 -107 112 -46 -42 -117 
60 -47 48 15 51 -53 

-89 117 33 125 17 -121 
-8 59 -11 109 71 3 
-99 64 -70 22 -114 -47 

61 38 -54 50 119 -17 
-126 94 -73 83 -123 101 
-11 78 61 51 36 -31 

-63 103 29 -22 36 -109 
-12 69 -95 -124 40 50 
-76 -101 -26 95 -111 88 

108 -14 -100 -74 -8 -67 
115 57 117 -126 -16 -14 
-24 92 70 -112 88 12 

-30 -24 -95 -69 112 64 
92 -94 -93 -66 -45 -51 
-106 82 -44 -16 -35 -87 

-31 120 -109 94 3 -69 
-120 -83 118 -91 -88 -70 
10 7 -49 45 68 56 


19 26 -78 -90 18 -19 
-121 -75 -51 -113 101 -4 
28 -2 33 58 -13 61 

-8 -47 -8 -98 69 93 
-13 -107 112 -46 -42 -117 
60 -47 48 15 51 -53 

-89 117 33 125 17 -121 
-8 59 -11 109 71 3 
-99 64 -70 22 -114 -47 

61 38 -54 50 119 -17 
-126 94 -73 83 -123 101 
-11 78 61 51 36 -31 

-63 103 29 -22 36 -109 
-12 69 -95 -124 40 50 
-76 -101 -26 95 -111 88 

108 -14 -100 -74 -8 -67 
115 57 117 -126 -16 -14 
-24 92 70 -112 88 12 

-30 -24 -95 -69 112 64 
92 -94 -93 -66 -45 -51 
-106 82 -44 -16 -35 -87 

-31 120 -109 94 3 -69 
-120 -83 118 -91 -88 -70 
10 7 -49 45 68 56 


19 26 -78 -90 18 -19 
-121 -75 -51 -113 101 -4 
28 -2 33 58 -13 61 

-8 -47 -8 -98 69 93 
-13 -107 112 -46 -42 -117 
60 -47 48 15 51 -53 

-89 117 33 125 17 -121 
-8 59 -11 109 71 3 
-99 64 -70 22 -114 -47 

61 38 -54 50 119 -17 
-126 94 -73 83 -123 101 
-11 78 61 51 36 -31 

-63 103 29 -22 36 -109 
-12 69 -95 -124 40 50 
-76 -101 -26 95 -111 88 

108 -14 -100 -74 -8 -67 
115 57 117 -126 -16 -14 
-24 92 70 -112 88 12 

-30 -24 -95 -69 112 64 
92 -94 -93 -66 -45 -51 
-106 82 -44 -16 -35 -87 

-31 120 -109 94 3 -69 
-120 -83 118 -91 -88 -70 
10 7 -49 45 68 56 



19 26 -78 -90 18 -19 
-121 -75 -51 -113 101 -4 
28 -2 33 58 -13 61 

-8 -47 -8 -98 69 93 
-13 -107 112 -46 -42 -117 
60 -47 48 15 51 -53 

-89 117 33 125 17 -121 
-8 59 -11 109 71 3 
-99 64 -70 22 -114 -47 

61 38 -54 50 119 -17 
-126 94 -73 83 -123 101 
-11 78 61 51 36 -31 

-63 103 29 -22 36 -109 
-12 69 -95 -124 40 50 
-76 -101 -26 95 -111 88 

108 -14 -100 -74 -8 -67 
115 57 117 -126 -16 -14 
-24 92 70 -112 88 12 

-30 -24 -95 -69 112 64 
92 -94 -93 -66 -45 -51 
-106 82 -44 -16 -35 -87 

-31 120 -109 94 3 -69 
-120 -83 118 -91 -88 -70 
10 7 -49 45 68 56 


19 26 -78 -90 18 -19 
-121 -75 -51 -113 101 -4 
28 -2 33 58 -13 61 

-8 -47 -8 -98 69 93 
-13 -107 112 -46 -42 -117 
60 -47 48 15 51 -53 

-89 117 33 125 17 -121 
-8 59 -11 109 71 3 
-99 64 -70 22 -114 -47 

61 38 -54 50 119 -17 
-126 94 -73 83 -123 101 
-11 78 61 51 36 -31 

-63 103 29 -22 36 -109 
-12 69 -95 -124 40 50 
-76 -101 -26 95 -111 88 

108 -14 -100 -74 -8 -67 
115 57 117 -126 -16 -14 
-24 92 70 -112 88 12 

-30 -24 -95 -69 112 64 
92 -94 -93 -66 -45 -51 
-106 82 -44 -16 -35 -87 

-31 120 -109 94 3 -69 
-120 -83 118 -91 -88 -70 
10 7 -49 45 68 56 


19 26 -78 -90 18 -19 
-121 -75 -51 -113 101 -4 
28 -2 33 58 -13 61 

-8 -47 -8 -98 69 93 
-13 -107 112 -46 -42 -117 
60 -47 48 15 51 -53 

-89 117 33 125 17 -121 
-8 59 -11 109 71 3 
-99 64 -70 22 -114 -47 

61 38 -54 50 119 -17 
-126 94 -73 83 -123 101 
-11 78 61 51 36 -31 

-63 103 29 -22 36 -109 
-12 69 -95 -124 40 50 
-76 -101 -26 95 -111 88 

108 -14 -100 -74 -8 -67 
115 57 117 -126 -16 -14 
-24 92 70 -112 88 12 

-30 -24 -95 -69 112 64 
92 -94 -93 -66 -45 -51 
-106 82 -44 -16 -35 -87 

-31 120 -109 94 3 -69 
-120 -83 118 -91 -88 -70 
10 7 -49 45 68 56 


19 26 -78 -90 18 -19 
-121 -75 -51 -113 101 -4 
28 -2 33 58 -13 61 

-8 -47 -8 -98 69 93 
-13 -107 112 -46 -42 -117 
60 -47 48 15 51 -53 

-89 117 33 125 17 -121 
-8 59 -11 109 71 3 
-99 64 -70 22 -114 -47 

61 38 -54 50 119 -17 
-126 94 -73 83 -123 101 
-11 78 61 51 36 -31 

-63 103 29 -22 36 -109 
-12 69 -95 -124 40 50 
-76 -101 -26 95 -111 88 

108 -14 -100 -74 -8 -67 
115 57 117 -126 -16 -14 
-24 92 70 -112 88 12 

-30 -24 -95 -69 112 64 
92 -94 -93 -66 -45 -51 
-106 82 -44 -16 -35 -87 

-31 120 -109 94 3 -69 
-120 -83 118 -91 -88 -70 
10 7 -49 45 68 56 



19 26 -78 -90 18 -19 
-121 -75 -51 -113 101 -4 
28 -2 33 58 -13 61 

-8 -47 -8 -98 69 93 
-13 -107 112 -46 -42 -117 
60 -47 48 15 51 -53 

-89 117 33 125 17 -121 
-8 59 -11 109 71 3 
-99 64 -70 22 -114 -47 

61 38 -54 50 119 -17 
-126 94 -73 83 -123 101 
-11 78 61 51 36 -31 

-63 103 29 -22 36 -109 
-12 69 -95 -124 40 50 
-76 -101 -26 95 -111 88 

108 -14 -100 -74 -8 -67 
115 57 117 -126 -16 -14 
-24 92 70 -112 88 12 

-30 -24 -95 -69 112 64 
92 -94 -93 -66 -45 -51 
-106 82 -44 -16 -35 -87 

-31 120 -109 94 3 -69 
-120 -83 118 -91 -88 -70 
10 7 -49 45 68 56 


19 26 -78 -90 18 -19 
-121 -75 -51 -113 101 -4 
28 -2 33 58 -13 61 

-8 -47 -8 -98 69 93 
-13 -107 112 -46 -42 -117 
60 -47 48 15 51 -53 

-89 117 33 125 17 -121 
-8 59 -11 109 71 3 
-99 64 -70 22 -114 -47 

61 38 -54 50 119 -17 
-126 94 -73 83 -123 101 
-11 78 61 51 36 -31 

-63 103 29 -22 36 -109 
-12 69 -95 -124 40 50 
-76 -101 -26 95 -111 88 

108 -14 -100 -74 -8 -67 
115 57 117 -126 -16 -14 
-24 92 70 -112 88 12 

-30 -24 -95 -69 112 64 
92 -94 -93 -66 -45 -51 
-106 82 -44 -16 -35 -87 

-31 120 -109 94 3 -69 
-120 -83 118 -91 -88 -70 
10 7 -49 45 68 56 


19 26 -78 -90 18 -19 
-121 -75 -51 -113 101 -4 
28 -2 33 58 -13 61 

-8 -47 -8 -98 69 93 
-13 -107 112 -46 -42 -117 
60 -47 48 15 51 -53 

-89 117 33 125 17 -121 
-8 59 -11 109 71 3 
-99 64 -70 22 -114 -47 

61 38 -54 50 119 -17 
-126 94 -73 83 -123 101 
-11 78 61 51 36 -31 

-63 103 29 -22 36 -109 
-12 69 -95 -124 40 50 
-76 -101 -26 95 -111 88 

108 -14 -100 -74 -8 -67 
115 57 117 -126 -16 -14 
-24 92 70 -112 88 12 

-30 -24 -95 -69 112 64 
92 -94 -93 -66 -45 -51 
-106 82 -44 -16 -35 -87 

-31 120 -109 94 3 -69 
-120 -83 118 -91 -88 -70 
10 7 -49 45 68 56 


19 26 -78 -90 18 -19 
-121 -75 -51 -113 101 -4 
28 -2 33 58 -13 61 

-8 -47 -8 -98 69 93 
-13 -107 112 -46 -42 -117 
60 -47 48 15 51 -53 

-89 117 33 125 17 -121 
-8 59 -11 109 71 3 
-99 64 -70 22 -114 -47 

61 38 -54 50 119 -17 
-126 94 -73 83 -123 101 
-11 78 61 51 36 -31 

-63 103 29 -22 36 -109 
-12 69 -95 -124 40 50 
-76 -101 -26 95 -111 88 

108 -14 -100 -74 -8 -67 
115 57 117 -126 -16 -14 
-24 92 70 -112 88 12 

-30 -24 -95 -69 112 64 
92 -94 -93 -66 -45 -51 
-106 82 -44 -16 -35 -87 

-31 120 -109 94 3 -69 
-120 -83 118 -91 -88 -70 
10 7 -49 45 68 56 




-51 3 47 9 -112 -13 
79 -96 -86 23 -32 -4 
-99 -16 0 68 -105 5 

110 -74 94 -39 102 -52 
-28 -77 -6 4 45 8 
25 -114 -53 -19 -53 -2 

95 100 -121 69 -53 36 
70 88 -11 -94 38 77 
123 -14 46 36 12 -82 

-50 115 106 -2 -88 -76 
60 -108 -25 82 107 108 
-59 -95 -31 -125 -91 49 

15 86 32 49 41 1 
66 88 -6 105 -29 -12 
25 39 86 -14 -69 1 

103 -55 18 -94 -31 -7 
117 14 -28 48 33 37 
-47 -8 84 47 -58 10 

-67 -80 36 -87 -37 -35 
-60 122 83 -123 87 102 
-19 28 -42 -39 -100 36 

121 -3 68 99 -45 46 
41 37 45 -116 -59 -126 
23 -16 56 117 -99 33 


-51 3 47 9 -112 -13 
79 -96 -86 23 -32 -4 
-99 -16 0 68 -105 5 

110 -74 94 -39 102 -52 
-28 -77 -6 4 45 8 
25 -114 -53 -19 -53 -2 

95 100 -121 69 -53 36 
70 88 -11 -94 38 77 
123 -14 46 36 12 -82 

-50 115 106 -2 -88 -76 
60 -108 -25 82 107 108 
-59 -95 -31 -125 -91 49 

15 86 32 49 41 1 
66 88 -6 105 -29 -12 
25 39 86 -14 -69 1 

103 -55 18 -94 -31 -7 
117 14 -28 48 33 37 
-47 -8 84 47 -58 10 

-67 -80 36 -87 -37 -35 
-60 122 83 -123 87 102 
-19 28 -42 -39 -100 36 

121 -3 68 99 -45 46 
41 37 45 -116 -59 -126 
23 -16 56 117 -99 33 


-51 3 47 9 -112 -13 
79 -96 -86 23 -32 -4 
-99 -16 0 68 -105 5 

110 -74 94 -39 102 -52 
-28 -77 -6 4 45 8 
25 -114 -53 -19 -53 -2 

95 100 -121 69 -53 36 
70 88 -11 -94 38 77 
123 -14 46 36 12 -82 

-50 115 106 -2 -88 -76 
60 -108 -25 82 107 108 
-59 -95 -31 -125 -91 49 

15 86 32 49 41 1 
66 88 -6 105 -29 -12 
25 39 86 -14 -69 1 

103 -55 18 -94 -31 -7 
117 14 -28 48 33 37 
-47 -8 84 47 -58 10 

-67 -80 36 -87 -37 -35 
-60 122 83 -123 87 102 
-19 28 -42 -39 -100 36 

121 -3 68 99 -45 46 
41 37 45 -116 -59 -126 
23 -16 56 117 -99 33 


-51 3 47 9 -112 -13 
79 -96 -86 23 -32 -4 
-99 -16 0 68 -105 5 

110 -74 94 -39 102 -52 
-28 -77 -6 4 45 8 
25 -114 -53 -19 -53 -2 

95 100 -121 69 -53 36 
70 88 -11 -94 38 77 
123 -14 46 36 12 -82 

-50 115 106 -2 -88 -76 
60 -108 -25 82 107 108 
-59 -95 -31 -125 -91 49 

15 86 32 49 41 1 
66 88 -6 105 -29 -12 
25 39 86 -14 -69 1 

103 -55 18 -94 -31 -7 
117 14 -28 48 33 37 
-47 -8 84 47 -58 10 

-67 -80 36 -87 -37 -35 
-60 122 83 -123 87 102 
-19 28 -42 -39 -100 36 

121 -3 68 99 -45 46 
41 37 45 -116 -59 -126 
23 -16 56 117 -99 33 



-51 3 47 9 -112 -13 
79 -96 -86 23 -32 -4 
-99 -16 0 68 -105 5 

110 -74 94 -39 102 -52 
-28 -77 -6 4 45 8 
25 -114 -53 -19 -53 -2 

95 100 -121 69 -53 36 
70 88 -11 -94 38 77 
123 -14 46 36 12 -82 

-50 115 106 -2 -88 -76 
60 -108 -25 82 107 108 
-59 -95 -31 -125 -91 49 

15 86 32 49 41 1 
66 88 -6 105 -29 -12 
25 39 86 -14 -69 1 

103 -55 18 -94 -31 -7 
117 14 -28 48 33 37 
-47 -8 84 47 -58 10 

-67 -80 36 -87 -37 -35 
-60 122 83 -123 87 102 
-19 28 -42 -39 -100 36 

121 -3 68 99 -45 46 
41 37 45 -116 -59 -126 
23 -16 56 117 -99 33 


-51 3 47 9 -112 -13 
79 -96 -86 23 -32 -4 
-99 -16 0 68 -105 5 

110 -74 94 -39 102 -52 
-28 -77 -6 4 45 8 
25 -114 -53 -19 -53 -2 

95 100 -121 69 -53 36 
70 88 -11 -94 38 77 
123 -14 46 36 12 -82 

-50 115 106 -2 -88 -76 
60 -108 -25 82 107 108 
-59 -95 -31 -125 -91 49 

15 86 32 49 41 1 
66 88 -6 105 -29 -12 
25 39 86 -14 -69 1 

103 -55 18 -94 -31 -7 
117 14 -28 48 33 37 
-47 -8 84 47 -58 10 

-67 -80 36 -87 -37 -35 
-60 122 83 -123 87 102 
-19 28 -42 -39 -100 36 

121 -3 68 99 -45 46 
41 37 45 -116 -59 -126 
23 -16 56 117 -99 33 


-51 3 47 9 -112 -13 
79 -96 -86 23 -32 -4 
-99 -16 0 68 -105 5 

110 -74 94 -39 102 -52 
-28 -77 -6 4 45 8 
25 -114 -53 -19 -53 -2 

95 100 -121 69 -53 36 
70 88 -11 -94 38 77 
123 -14 46 36 12 -82 

-50 115 106 -2 -88 -76 
60 -108 -25 82 107 108 
-59 -95 -31 -125 -91 49 

15 86 32 49 41 1 
66 88 -6 105 -29 -12 
25 39 86 -14 -69 1 

103 -55 18 -94 -31 -7 
117 14 -28 48 33 37 
-47 -8 84 47 -58 10 

-67 -80 36 -87 -37 -35 
-60 122 83 -123 87 102 
-19 28 -42 -39 -100 36 

121 -3 68 99 -45 46 
41 37 45 -116 -59 -126 
23 -16 56 117 -99 33 


-51 3 47 9 -112 -13 
79 -96 -86 23 -32 -4 
-99 -16 0 68 -105 5 

110 -74 94 -39 102 -52 
-28 -77 -6 4 45 8 
25 -114 -53 -19 -53 -2 

95 100 -121 69 -53 36 
70 88 -11 -94 38 77 
123 -14 46 36 12 -82 

-50 115 106 -2 -88 -76 
60 -108 -25 82 107 108 
-59 -95 -31 -125 -91 49 

15 86 32 49 41 1 
66 88 -6 105 -29 -12 
25 39 86 -14 -69 1 

103 -55 18 -94 -31 -7 
117 14 -28 48 33 37 
-47 -8 84 47 -58 10 

-67 -80 36 -87 -37 -35 
-60 122 83 -123 87 102 
-19 28 -42 -39 -100 36 

121 -3 68 99 -45 46 
41 37 45 -116 -59 -126 
23 -16 56 117 -99 33 



-51 3 47 9 -112 -13 
79 -96 -86 23 -32 -4 
-99 -16 0 68 -105 5 

110 -74 94 -39 102 -52 
-28 -77 -6 4 45 8 
25 -114 -53 -19 -53 -2 

95 100 -121 69 -53 36 
70 88 -11 -94 38 77 
123 -14 46 36 12 -82 

-50 115 106 -2 -88 -76 
60 -108 -25 82 107 108 
-59 -95 -31 -125 -91 49 

15 86 32 49 41 1 
66 88 -6 105 -29 -12 
25 39 86 -14 -69 1 

103 -55 18 -94 -31 -7 
117 14 -28 48 33 37 
-47 -8 84 47 -58 10 

-67 -80 36 -87 -37 -35 
-60 122 83 -123 87 102 
-19 28 -42 -39 -100 36 

121 -3 68 99 -45 46 
41 37 45 -116 -59 -126 
23 -16 56 117 -99 33 


-51 3 47 9 -112 -13 
79 -96 -86 23 -32 -4 
-99 -16 0 68 -105 5 

110 -74 94 -39 102 -52 
-28 -77 -6 4 45 8 
25 -114 -53 -19 -53 -2 

95 100 -121 69 -53 36 
70 88 -11 -94 38 77 
123 -14 46 36 12 -82 

-50 115 106 -2 -88 -76 
60 -108 -25 82 107 108 
-59 -95 -31 -125 -91 49 

15 86 32 49 41 1 
66 88 -6 105 -29 -12 
25 39 86 -14 -69 1 

103 -55 18 -94 -31 -7 
117 14 -28 48 33 37 
-47 -8 84 47 -58 10 

-67 -80 36 -87 -37 -35 
-60 122 83 -123 87 102 
-19 28 -42 -39 -100 36 

121 -3 68 99 -45 46 
41 37 45 -116 -59 -126 
23 -16 56 117 -99 33 


-51 3 47 9 -112 -13 
79 -96 -86 23 -32 -4 
-99 -16 0 68 -105 5 

110 -74 94 -39 102 -52 
-28 -77 -6 4 45 8 
25 -114 -53 -19 -53 -2 

95 100 -121 69 -53 36 
70 88 -11 -94 38 77 
123 -14 46 36 12 -82 

-50 115 106 -2 -88 -76 
60 -108 -25 82 107 108 
-59 -95 -31 -125 -91 49 

15 86 32 49 41 1 
66 88 -6 105 -29 -12 
25 39 86 -14 -69 1 

103 -55 18 -94 -31 -7 
117 14 -28 48 33 37 
-47 -8 84 47 -58 10 

-67 -80 36 -87 -37 -35 
-60 122 83 -123 87 102 
-19 28 -42 -39 -100 36 

121 -3 68 99 -45 46 
41 37 45 -116 -59 -126 
23 -16 56 117 -99 33 


-51 3 47 9 -112 -13 
79 -96 -86 23 -32 -4 
-99 -16 0 68 -105 5 

110 -74 94 -39 102 -52 
-28 -77 -6 4 45 8 
25 -114 -53 -19 -53 -2 

95 100 -121 69 -53 36 
70 88 -11 -94 38 77 
123 -14 46 36 12 -82 

-50 115 106 -2 -88 -76 
60 -108 -25 82 107 108 
-59 -95 -31 -125 -91 49 

15 86 32 49 41 1 
66 88 -6 105 -29 -12 
25 39 86 -14 -69 1 

103 -55 18 -94 -31 -7 
117 14 -28 48 33 37 
-47 -8 84 47 -58 10 

-67 -80 36 -87 -37 -35 
-60 122 83 -123 87 102 
-19 28 -42 -39 -100 36 

121 -3 68 99 -45 46 
41 37 45 -116 -59 -126 
23 -16 56 117 -99 33 



-51 3 47 9 -112 -13 
79 -96 -86 23 -32 -4 
-99 -16 0 68 -105 5 

110 -74 94 -39 102 -52 
-28 -77 -6 4 45 8 
25 -114 -53 -19 -53 -2 

95 100 -121 69 -53 36 
70 88 -11 -94 38 77 
123 -14 46 36 12 -82 

-50 115 106 -2 -88 -76 
60 -108 -25 82 107 108 
-59 -95 -31 -125 -91 49 

15 86 32 49 41 1 
66 88 -6 105 -29 -12 
25 39 86 -14 -69 1 

103 -55 18 -94 -31 -7 
117 14 -28 48 33 37 
-47 -8 84 47 -58 10 

-67 -80 36 -87 -37 -35 
-60 122 83 -123 87 102 
-19 28 -42 -39 -100 36 

121 -3 68 99 -45 46 
41 37 45 -116 -59 -126 
23 -16 56 117 -99 33 


-51 3 47 9 -112 -13 
79 -96 -86 23 -32 -4 
-99 -16 0 68 -105 5 

110 -74 94 -39 102 -52 
-28 -77 -6 4 45 8 
25 -114 -53 -19 -53 -2 

95 100 -121 69 -53 36 
70 88 -11 -94 38 77 
123 -14 46 36 12 -82 

-50 115 106 -2 -88 -76 
60 -108 -25 82 107 108 
-59 -95 -31 -125 -91 49 

15 86 32 49 41 1 
66 88 -6 105 -29 -12 
25 39 86 -14 -69 1 

103 -55 18 -94 -31 -7 
117 14 -28 48 33 37 
-47 -8 84 47 -58 10 

-67 -80 36 -87 -37 -35 
-60 122 83 -123 87 102 
-19 28 -42 -39 -100 36 

121 -3 68 99 -45 46 
41 37 45 -116 -59 -126 
23 -16 56 117 -99 33 


-51 3 47 9 -112 -13 
79 -96 -86 23 -32 -4 
-99 -16 0 68 -105 5 

110 -74 94 -39 102 -52 
-28 -77 -6 4 45 8 
25 -114 -53 -19 -53 -2 

95 100 -121 69 -53 36 
70 88 -11 -94 38 77 
123 -14 46 36 12 -82 

-50 115 106 -2 -88 -76 
60 -108 -25 82 107 108 
-59 -95 -31 -125 -91 49 

15 86 32 49 41 1 
66 88 -6 105 -29 -12 
25 39 86 -14 -69 1 

103 -55 18 -94 -31 -7 
117 14 -28 48 33 37 
-47 -8 84 47 -58 10 

-67 -80 36 -87 -37 -35 
-60 122 83 -123 87 102 
-19 28 -42 -39 -100 36 

121 -3 68 99 -45 46 
41 37 45 -116 -59 -126 
23 -16 56 117 -99 33 


-51 3 47 9 -112 -13 
79 -96 -86 23 -32 -4 
-99 -16 0 68 -105 5 

110 -74 94 -39 102 -52 
-28 -77 -6 4 45 8 
25 -114 -53 -19 -53 -2 

95 100 -121 69 -53 36 
70 88 -11 -94 38 77 
123 -14 46 36 12 -82 

-50 115 106 -2 -88 -76 
60 -108 -25 82 107 108 
-59 -95 -31 -125 -91 49 

15 86 32 49 41 1 
66 88 -6 105 -29 -12 
25 39 86 -14 -69 1 

103 -55 18 -94 -31 -7 
117 14 -28 48 33 37 
-47 -8 84 47 -58 10 

-67 -80 36 -87 -37 -35 
-60 122 83 -123 87 102 
-19 28 -42 -39 -100 36 

121 -3 68 99 -45 46 
41 37 45 -116 -59 -126 
23 -16 56 117 -99 33 



-51 3 47 9 -112 -13 
79 -96 -86 23 -32 -4 
-99 -16 0 68 -105 5 

110 -74 94 -39 102 -52 
-28 -77 -6 4 45 8 
25 -114 -53 -19 -53 -2 

95 100 -121 69 -53 36 
70 88 -11 -94 38 77 
123 -14 46 36 12 -82 

-50 115 106 -2 -88 -76 
60 -108 -25 82 107 108 
-59 -95 -31 -125 -91 49 

15 86 32 49 41 1 
66 88 -6 105 -29 -12 
25 39 86 -14 -69 1 

103 -55 18 -94 -31 -7 
117 14 -28 48 33 37 
-47 -8 84 47 -58 10 

-67 -80 36 -87 -37 -35 
-60 122 83 -123 87 102 
-19 28 -42 -39 -100 36 

121 -3 68 99 -45 46 
41 37 45 -116 -59 -126 
23 -16 56 117 -99 33 


-51 3 47 9 -112 -13 
79 -96 -86 23 -32 -4 
-99 -16 0 68 -105 5 

110 -74 94 -39 102 -52 
-28 -77 -6 4 45 8 
25 -114 -53 -19 -53 -2 

95 100 -121 69 -53 36 
70 88 -11 -94 38 77 
123 -14 46 36 12 -82 

-50 115 106 -2 -88 -76 
60 -108 -25 82 107 108 
-59 -95 -31 -125 -91 49 

15 86 32 49 41 1 
66 88 -6 105 -29 -12 
25 39 86 -14 -69 1 

103 -55 18 -94 -31 -7 
117 14 -28 48 33 37 
-47 -8 84 47 -58 10 

-67 -80 36 -87 -37 -35 
-60 122 83 -123 87 102 
-19 28 -42 -39 -100 36 

121 -3 68 99 -45 46 
41 37 45 -116 -59 -126 
23 -16 56 117 -99 33 


-51 3 47 9 -112 -13 
79 -96 -86 23 -32 -4 
-99 -16 0 68 -105 5 

110 -74 94 -39 102 -52 
-28 -77 -6 4 45 8 
25 -114 -53 -19 -53 -2 

95 100 -121 69 -53 36 
70 88 -11 -94 38 77 
123 -14 46 36 12 -82 

-50 115 106 -2 -88 -76 
60 -108 -25 82 107 108 
-59 -95 -31 -125 -91 49 

15 86 32 49 41 1 
66 88 -6 105 -29 -12 
25 39 86 -14 -69 1 

103 -55 18 -94 -31 -7 
117 14 -28 48 33 37 
-47 -8 84 47 -58 10 

-67 -80 36 -87 -37 -35 
-60 122 83 -123 87 102 
-19 28 -42 -39 -100 36 

121 -3 68 99 -45 46 
41 37 45 -116 -59 -126 
23 -16 56 117 -99 33 


-51 3 47 9 -112 -13 
79 -96 -86 23 -32 -4 
-99 -16 0 68 -105 5 

110 -74 94 -39 102 -52 
-28 -77 -6 4 45 8 
25 -114 -53 -19 -53 -2 

95 100 -121 69 -53 36 
70 88 -11 -94 38 77 
123 -14 46 36 12 -82 

-50 115 106 -2 -88 -76 
60 -108 -25 82 107 108 
-59 -95 -31 -125 -91 49 

15 86 32 49 41 1 
66 88 -6 105 -29 -12 
25 39 86 -14 -69 1 

103 -55 18 -94 -31 -7 
117 14 -28 48 33 37 
-47 -8 84 47 -58 10 

-67 -80 36 -87 -37 -35 
-60 122 83 -123 87 102 
-19 28 -42 -39 -100 36 

121 -3 68 99 -45 46 
41 37 45 -116 -59 -126 
23 -16 56 117 -99 33 



-51 3 47 9 -112 -13 
79 -96 -86 23 -32 -4 
-99 -16 0 68 -105 5 

110 -74 94 -39 102 -52 
-28 -77 -6 4 45 8 
25 -114 -53 -19 -53 -2 

95 100 -121 69 -53 36 
70 88 -11 -94 38 77 
123 -14 46 36 12 -82 

-50 115 106 -2 -88 -76 
60 -108 -25 82 107 108 
-59 -95 -31 -125 -91 49 

15 86 32 49 41 1 
66 88 -6 105 -29 -12 
25 39 86 -14 -69 1 

103 -55 18 -94 -31 -7 
117 14 -28 48 33 37 
-47 -8 84 47 -58 10 

-67 -80 36 -87 -37 -35 
-60 122 83 -123 87 102 
-19 28 -42 -39 -100 36 

121 -3 68 99 -45 46 
41 37 45 -116 -59 -126 
23 -16 56 117 -99 33 


-51 3 47 9 -112 -13 
79 -96 -86 23 -32 -4 
-99 -16 0 68 -105 5 

110 -74 94 -39 102 -52 
-28 -77 -6 4 45 8 
25 -114 -53 -19 -53 -2 

95 100 -121 69 -53 36 
70 88 -11 -94 38 77 
123 -14 46 36 12 -82 

-50 115 106 -2 -88 -76 
60 -108 -25 82 107 108 
-59 -95 -31 -125 -91 49 

15 86 32 49 41 1 
66 88 -6 105 -29 -12 
25 39 86 -14 -69 1 

103 -55 18 -94 -31 -7 
117 14 -28 48 33 37 
-47 -8 84 47 -58 10 

-67 -80 36 -87 -37 -35 
-60 122 83 -123 87 102 
-19 28 -42 -39 -100 36 

121 -3 68 99 -45 46 
41 37 45 -116 -59 -126 
23 -16 56 117 -99 33 


-51 3 47 9 -112 -13 
79 -96 -86 23 -32 -4 
-99 -16 0 68 -105 5 

110 -74 94 -39 102 -52 
-28 -77 -6 4 45 8 
25 -114 -53 -19 -53 -2 

95 100 -121 69 -53 36 
70 88 -11 -94 38 77 
123 -14 46 36 12 -82 

-50 115 106 -2 -88 -76 
60 -108 -25 82 107 108 
-59 -95 -31 -125 -91 49 

15 86 32 49 41 1 
66 88 -6 105 -29 -12 
25 39 86 -14 -69 1 

103 -55 18 -94 -31 -7 
117 14 -28 48 33 37 
-47 -8 84 47 -58 10 

-67 -80 36 -87 -37 -35 
-60 122 83 -123 87 102 
-19 28 -42 -39 -100 36 

121 -3 68 99 -45 46 
41 37 45 -116 -59 -126 
23 -16 56 117 -99 33 


-51 3 47 9 -112 -13 
79 -96 -86 23 -32 -4 
-99 -16 0 68 -105 5 

110 -74 94 -39 102 -52 
-28 -77 -6 4 45 8 
25 -114 -53 -19 -53 -2 

95 100 -121 69 -53 36 
70 88 -11 -94 38 77 
123 -14 46 36 12 -82 

-50 115 106 -2 -88 -76 
60 -108 -25 82 107 108 
-59 -95 -31 -125 -91 49 

15 86 32 49 41 1 
66 88 -6 105 -29 -12 
25 39 86 -14 -69 1 

103 -55 18 -94 -31 -7 
117 14 -28 48 33 37 
-47 -8 84 47 -58 10 

-67 -80 36 -87 -37 -35 
-60 122 83 -123 87 102 
-19 28 -42 -39 -100 36 

121 -3 68 99 -45 46 
41 37 45 -116 -59 -126 
23 -16 56 117 -99 33 



-51 3 47 9 -112 -13 
79 -96 -86 23 -32 -4 
-99 -16 0 68 -105 5 

110 -74 94 -39 102 -52 
-28 -77 -6 4 45 8 
25 -114 -53 -19 -53 -2 

95 100 -121 69 -53 36 
70 88 -11 -94 38 77 
123 -14 46 36 12 -82 

-50 115 106 -2 -88 -76 
60 -108 -25 82 107 108 
-59 -95 -31 -125 -91 49 

15 86 32 49 41 1 
66 88 -6 105 -29 -12 
25 39 86 -14 -69 1 

103 -55 18 -94 -31 -7 
117 14 -28 48 33 37 
-47 -8 84 47 -58 10 

-67 -80 36 -87 -37 -35 
-60 122 83 -123 87 102 
-19 28 -42 -39 -100 36 

121 -3 68 99 -45 46 
41 37 45 -116 -59 -126 
23 -16 56 117 -99 33 


-51 3 47 9 -112 -13 
79 -96 -86 23 -32 -4 
-99 -16 0 68 -105 5 

110 -74 94 -39 102 -52 
-28 -77 -6 4 45 8 
25 -114 -53 -19 -53 -2 

95 100 -121 69 -53 36 
70 88 -11 -94 38 77 
123 -14 46 36 12 -82 

-50 115 106 -2 -88 -76 
60 -108 -25 82 107 108 
-59 -95 -31 -125 -91 49 

15 86 32 49 41 1 
66 88 -6 105 -29 -12 
25 39 86 -14 -69 1 

103 -55 18 -94 -31 -7 
117 14 -28 48 33 37 
-47 -8 84 47 -58 10 

-67 -80 36 -87 -37 -35 
-60 122 83 -123 87 102 
-19 28 -42 -39 -100 36 

121 -3 68 99 -45 46 
41 37 45 -116 -59 -126 
23 -16 56 117 -99 33 


-51 3 47 9 -112 -13 
79 -96 -86 23 -32 -4 
-99 -16 0 68 -105 5 

110 -74 94 -39 102 -52 
-28 -77 -6 4 45 8 
25 -114 -53 -19 -53 -2 

95 100 -121 69 -53 36 
70 88 -11 -94 38 77 
123 -14 46 36 12 -82 

-50 115 106 -2 -88 -76 
60 -108 -25 82 107 108 
-59 -95 -31 -125 -91 49 

15 86 32 49 41 1 
66 88 -6 105 -29 -12 
25 39 86 -14 -69 1 

103 -55 18 -94 -31 -7 
117 14 -28 48 33 37 
-47 -8 84 47 -58 10 

-67 -80 36 -87 -37 -35 
-60 122 83 -123 87 102 
-19 28 -42 -39 -100 36 

121 -3 68 99 -45 46 
41 37 45 -116 -59 -126 
23 -16 56 117 -99 33 


-51 3 47 9 -112 -13 
79 -96 -86 23 -32 -4 
-99 -16 0 68 -105 5 

110 -74 94 -39 102 -52 
-28 -77 -6 4 45 8 
25 -114 -53 -19 -53 -2 

95 100 -121 69 -53 36 
70 88 -11 -94 38 77 
123 -14 46 36 12 -82 

-50 115 106 -2 -88 -76 
60 -108 -25 82 107 108 
-59 -95 -31 -125 -91 49 

15 86 32 49 41 1 
66 88 -6 105 -29 -12 
25 39 86 -14 -69 1 

103 -55 18 -94 -31 -7 
117 14 -28 48 33 37 
-47 -8 84 47 -58 10 

-67 -80 36 -87 -37 -35 
-60 122 83 -123 87 102 
-19 28 -42 -39 -100 36 

121 -3 68 99 -45 46 
41 37 45 -116 -59 -126 
23 -16 56 117 -99 33 



-51 3 47 9 -112 -13 
79 -96 -86 23 -32 -4 
-99 -16 0 68 -105 5 

110 -74 94 -39 102 -52 
-28 -77 -6 4 45 8 
25 -114 -53 -19 -53 -2 

95 100 -121 69 -53 36 
70 88 -11 -94 38 77 
123 -14 46 36 12 -82 

-50 115 106 -2 -88 -76 
60 -108 -25 82 107 108 
-59 -95 -31 -125 -91 49 

15 86 32 49 41 1 
66 88 -6 105 -29 -12 
25 39 86 -14 -69 1 

103 -55 18 -94 -31 -7 
117 14 -28 48 33 37 
-47 -8 84 47 -58 10 

-67 -80 36 -87 -37 -35 
-60 122 83 -123 87 102 
-19 28 -42 -39 -100 36 

121 -3 68 99 -45 46 
41 37 45 -116 -59 -126 
23 -16 56 117 -99 33 


-51 3 47 9 -112 -13 
79 -96 -86 23 -32 -4 
-99 -16 0 68 -105 5 

110 -74 94 -39 102 -52 
-28 -77 -6 4 45 8 
25 -114 -53 -19 -53 -2 

95 100 -121 69 -53 36 
70 88 -11 -94 38 77 
123 -14 46 36 12 -82 

-50 115 106 -2 -88 -76 
60 -108 -25 82 107 108 
-59 -95 -31 -125 -91 49 

15 86 32 49 41 1 
66 88 -6 105 -29 -12 
25 39 86 -14 -69 1 

103 -55 18 -94 -31 -7 
117 14 -28 48 33 37 
-47 -8 84 47 -58 10 

-67 -80 36 -87 -37 -35 
-60 122 83 -123 87 102 
-19 28 -42 -39 -100 36 

121 -3 68 99 -45 46 
41 37 45 -116 -59 -126 
23 -16 56 117 -99 33 


-51 3 47 9 -112 -13 
79 -96 -86 23 -32 -4 
-99 -16 0 68 -105 5 

110 -74 94 -39 102 -52 
-28 -77 -6 4 45 8 
25 -114 -53 -19 -53 -2 

95 100 -121 69 -53 36 
70 88 -11 -94 38 77 
123 -14 46 36 12 -82 

-50 115 106 -2 -88 -76 
60 -108 -25 82 107 108 
-59 -95 -31 -125 -91 49 

15 86 32 49 41 1 
66 88 -6 105 -29 -12 
25 39 86 -14 -69 1 

103 -55 18 -94 -31 -7 
117 14 -28 48 33 37 
-47 -8 84 47 -58 10 

-67 -80 36 -87 -37 -35 
-60 122 83 -123 87 102 
-19 28 -42 -39 -100 36 

121 -3 68 99 -45 46 
41 37 45 -116 -59 -126 
23 -16 56 117 -99 33 


-51 3 47 9 -112 -13 
79 -96 -86 23 -32 -4 
-99 -16 0 68 -105 5 

110 -74 94 -39 102 -52 
-28 -77 -6 4 45 8 
25 -114 -53 -19 -53 -2 

95 100 -121 69 -53 36 
70 88 -11 -94 38 77 
123 -14 46 36 12 -82 

-50 115 106 -2 -88 -76 
60 -108 -25 82 107 108 
-59 -95 -31 -125 -91 49 

15 86 32 49 41 1 
66 88 -6 105 -29 -12 
25 39 86 -14 -69 1 

103 -55 18 -94 -31 -7 
117 14 -28 48 33 37 
-47 -8 84 47 -58 10 

-67 -80 36 -87 -37 -35 
-60 122 83 -123 87 102 
-19 28 -42 -39 -100 36 

121 -3 68 99 -45 46 
41 37 45 -116 -59 -126 
23 -16 56 117 -99 33 




-62 -55 -35 106 -62 -125 
-35 -41 -61 -28 59 -57 
-30 55 101 87 97 4 

-76 -109 81 -17 -97 20 
74 -3 46 45 -36 42 
62 101 -84 53 64 -120 

18 -126 50 -35 -105 -55 
-32 105 -69 -102 43 5 
108 99 10 24 65 -76 

113 62 -116 111 -78 -118 
-82 36 -39 91 117 -60 
-18 -59 54 55 18 50 

-16 110 -12 55 37 -121 
-42 -120 31 18 118 -27 
49 -38 -52 17 -117 9 

-44 0 115 -56 -83 -113 
-63 -28 -94 -69 77 -8 
66 -29 110 65 71 40 

-126 -107 -115 -38 126 -32 
101 98 -17 -121 65 -123 
60 124 -125 95 -48 75 

9 88 113 -35 -11 93 
-106 -86 -42 -36 25 45 
-64 106 -33 20 17 98 


-62 -55 -35 106 -62 -125 
-35 -41 -61 -28 59 -57 
-30 55 101 87 97 4 

-76 -109 81 -17 -97 20 
74 -3 46 45 -36 42 
62 101 -84 53 64 -120 

18 -126 50 -35 -105 -55 
-32 105 -69 -102 43 5 
108 99 10 24 65 -76 

113 62 -116 111 -78 -118 
-82 36 -39 91 117 -60 
-18 -59 54 55 18 50 

-16 110 -12 55 37 -121 
-42 -120 31 18 118 -27 
49 -38 -52 17 -117 9 

-44 0 115 -56 -83 -113 
-63 -28 -94 -69 77 -8 
66 -29 110 65 71 40 

-126 -107 -115 -38 126 -32 
101 98 -17 -121 65 -123 
60 124 -125 95 -48 75 

9 88 113 -35 -11 93 
-106 -86 -42 -36 25 45 
-64 106 -33 20 17 98 


-62 -55 -35 106 -62 -125 
-35 -41 -61 -28 59 -57 
-30 55 101 87 97 4 

-76 -109 81 -17 -97 20 
74 -3 46 45 -36 42 
62 101 -84 53 64 -120 

18 -126 50 -35 -105 -55 
-32 105 -69 -102 43 5 
108 99 10 24 65 -76 

113 62 -116 111 -78 -118 
-82 36 -39 91 117 -60 
-18 -59 54 55 18 50 

-16 110 -12 55 37 -121 
-42 -120 31 18 118 -27 
49 -38 -52 17 -117 9 

-44 0 115 -56 -83 -113 
-63 -28 -94 -69 77 -8 
66 -29 110 65 71 40 

-126 -107 -115 -38 126 -32 
101 98 -17 -121 65 -123 
60 124 -125 95 -48 75 

9 88 113 -35 -11 93 
-106 -86 -42 -36 25 45 
-64 106 -33 20 17 98 


-62 -55 -35 106 -62 -125 
-35 -41 -61 -28 59 -57 
-30 55 101 87 97 4 

-76 -109 81 -17 -97 20 
74 -3 46 45 -36 42 
62 101 -84 53 64 -120 

18 -126 50 -35 -105 -55 
-32 105 -69 -102 43 5 
108 99 10 24 65 -76 

113 62 -116 111 -78 -118 
-82 36 -39 91 117 -60 
-18 -59 54 55 18 50 

-16 110 -12 55 37 -121 
-42 -120 31 18 118 -27 
49 -38 -52 17 -117 9 

-44 0 115 -56 -83 -113 
-63 -28 -94 -69 77 -8 
66 -29 110 65 71 40 

-126 -107 -115 -38 126 -32 
101 98 -17 -121 65 -123 
60 124 -125 95 -48 75 

9 88 113 -35 -11 93 
-106 -86 -42 -36 25 45 
-64 106 -33 20 17 98 



-62 -55 -35 106 -62 -125 
-35 -41 -61 -28 59 -57 
-30 55 101 87 97 4 

-76 -109 81 -17 -97 20 
74 -3 46 45 -36 42 
62 101 -84 53 64 -120 

18 -126 50 -35 -105 -55 
-32 105 -69 -102 43 5 
108 99 10 24 65 -76 

113 62 -116 111 -78 -118 
-82 36 -39 91 117 -60 
-18 -59 54 55 18 50 

-16 110 -12 55 37 -121 
-42 -120 31 18 118 -27 
49 -38 -52 17 -117 9 

-44 0 115 -56 -83 -113 
-63 -28 -94 -69 77 -8 
66 -29 110 65 71 40 

-126 -107 -115 -38 126 -32 
101 98 -17 -121 65 -123 
60 124 -125 95 -48 75 

9 88 113 -35 -11 93 
-106 -86 -42 -36 25 45 
-64 106 -33 20 17 98 


-62 -55 -35 106 -62 -125 
-35 -41 -61 -28 59 -57 
-30 55 101 87 97 4 

-76 -109 81 -17 -97 20 
74 -3 46 45 -36 42 
62 101 -84 53 64 -120 

18 -126 50 -35 -105 -55 
-32 105 -69 -102 43 5 
108 99 10 24 65 -76 

113 62 -116 111 -78 -118 
-82 36 -39 91 117 -60 
-18 -59 54 55 18 50 

-16 110 -12 55 37 -121 
-42 -120 31 18 118 -27 
49 -38 -52 17 -117 9 

-44 0 115 -56 -83 -113 
-63 -28 -94 -69 77 -8 
66 -29 110 65 71 40 

-126 -107 -115 -38 126 -32 
101 98 -17 -121 65 -123 
60 124 -125 95 -48 75 

9 88 113 -35 -11 93 
-106 -86 -42 -36 25 45 
-64 106 -33 20 17 98 


-62 -55 -35 106 -62 -125 
-35 -41 -61 -28 59 -57 
-30 55 101 87 97 4 

-76 -109 81 -17 -97 20 
74 -3 46 45 -36 42 
62 101 -84 53 64 -120 

18 -126 50 -35 -105 -55 
-32 105 -69 -102 43 5 
108 99 10 24 65 -76 

113 62 -116 111 -78 -118 
-82 36 -39 91 117 -60 
-18 -59 54 55 18 50 

-16 110 -12 55 37 -121 
-42 -120 31 18 118 -27 
49 -38 -52 17 -117 9 

-44 0 115 -56 -83 -113 
-63 -28 -94 -69 77 -8 
66 -29 110 65 71 40 

-126 -107 -115 -38 126 -32 
101 98 -17 -121 65 -123 
60 124 -125 95 -48 75 

9 88 113 -35 -11 93 
-106 -86 -42 -36 25 45 
-64 106 -33 20 17 98 


-62 -55 -35 106 -62 -125 
-35 -41 -61 -28 59 -57 
-30 55 101 87 97 4 

-76 -109 81 -17 -97 20 
74 -3 46 45 -36 42 
62 101 -84 53 64 -120 

18 -126 50 -35 -105 -55 
-32 105 -69 -102 43 5 
108 99 10 24 65 -76 

113 62 -116 111 -78 -118 
-82 36 -39 91 117 -60 
-18 -59 54 55 18 50 

-16 110 -12 55 37 -121 
-42 -120 31 18 118 -27 
49 -38 -52 17 -117 9 

-44 0 115 -56 -83 -113 
-63 -28 -94 -69 77 -8 
66 -29 110 65 71 40 

-126 -107 -115 -38 126 -32 
101 98 -17 -121 65 -123 
60 124 -125 95 -48 75 

9 88 113 -35 -11 93 
-106 -86 -42 -36 25 45 
-64 106 -33 20 17 98 



-62 -55 -35 106 -62 -125 
-35 -41 -61 -28 59 -57 
-30 55 101 87 97 4 

-76 -109 81 -17 -97 20 
74 -3 46 45 -36 42 
62 101 -84 53 64 -120 

18 -126 50 -35 -105 -55 
-32 105 -69 -102 43 5 
108 99 10 24 65 -76 

113 62 -116 111 -78 -118 
-82 36 -39 91 117 -60 
-18 -59 54 55 18 50 

-16 110 -12 55 37 -121 
-42 -120 31 18 118 -27 
49 -38 -52 17 -117 9 

-44 0 115 -56 -83 -113 
-63 -28 -94 -69 77 -8 
66 -29 110 65 71 40 

-126 -107 -115 -38 126 -32 
101 98 -17 -121 65 -123 
60 124 -125 95 -48 75 

9 88 113 -35 -11 93 
-106 -86 -42 -36 25 45 
-64 106 -33 20 17 98 


-62 -55 -35 106 -62 -125 
-35 -41 -61 -28 59 -57 
-30 55 101 87 97 4 

-76 -109 81 -17 -97 20 
74 -3 46 45 -36 42 
62 101 -84 53 64 -120 

18 -126 50 -35 -105 -55 
-32 105 -69 -102 43 5 
108 99 10 24 65 -76 

113 62 -116 111 -78 -118 
-82 36 -39 91 117 -60 
-18 -59 54 55 18 50 

-16 110 -12 55 37 -121 
-42 -120 31 18 118 -27 
49 -38 -52 17 -117 9 

-44 0 115 -56 -83 -113 
-63 -28 -94 -69 77 -8 
66 -29 110 65 71 40 

-126 -107 -115 -38 126 -32 
101 98 -17 -121 65 -123 
60 124 -125 95 -48 75 

9 88 113 -35 -11 93 
-106 -86 -42 -36 25 45 
-64 106 -33 20 17 98 


-62 -55 -35 106 -62 -125 
-35 -41 -61 -28 59 -57 
-30 55 101 87 97 4 

-76 -109 81 -17 -97 20 
74 -3 46 45 -36 42 
62 101 -84 53 64 -120 

18 -126 50 -35 -105 -55 
-32 105 -69 -102 43 5 
108 99 10 24 65 -76 

113 62 -116 111 -78 -118 
-82 36 -39 91 117 -60 
-18 -59 54 55 18 50 

-16 110 -12 55 37 -121 
-42 -120 31 18 118 -27 
49 -38 -52 17 -117 9 

-44 0 115 -56 -83 -113 
-63 -28 -94 -69 77 -8 
66 -29 110 65 71 40 

-126 -107 -115 -38 126 -32 
101 98 -17 -121 65 -123 
60 124 -125 95 -48 75 

9 88 113 -35 -11 93 
-106 -86 -42 -36 25 45 
-64 106 -33 20 17 98 


-62 -55 -35 106 -62 -125 
-35 -41 -61 -28 59 -57 
-30 55 101 87 97 4 

-76 -109 81 -17 -97 20 
74 -3 46 45 -36 42 
62 101 -84 53 64 -120 

18 -126 50 -35 -105 -55 
-32 105 -69 -102 43 5 
108 99 10 24 65 -76 

113 62 -116 111 -78 -118 
-82 36 -39 91 117 -60 
-18 -59 54 55 18 50 

-16 110 -12 55 37 -121 
-42 -120 31 18 118 -27 
49 -38 -52 17 -117 9 

-44 0 115 -56 -83 -113 
-63 -28 -94 -69 77 -8 
66 -29 110 65 71 40 

-126 -107 -115 -38 126 -32 
101 98 -17 -121 65 -123 
60 124 -125 95 -48 75 

9 88 113 -35 -11 93 
-106 -86 -42 -36 25 45 
-64 106 -33 20 17 98 



-62 -55 -35 106 -62 -125 
-35 -41 -61 -28 59 -57 
-30 55 101 87 97 4 

-76 -109 81 -17 -97 20 
74 -3 46 45 -36 42 
62 101 -84 53 64 -120 

18 -126 50 -35 -105 -55 
-32 105 -69 -102 43 5 
108 99 10 24 65 -76 

113 62 -116 111 -78 -118 
-82 36 -39 91 117 -60 
-18 -59 54 55 18 50 

-16 110 -12 55 37 -121 
-42 -120 31 18 118 -27 
49 -38 -52 17 -117 9 

-44 0 115 -56 -83 -113 
-63 -28 -94 -69 77 -8 
66 -29 110 65 71 40 

-126 -107 -115 -38 126 -32 
101 98 -17 -121 65 -123 
60 124 -125 95 -48 75 

9 88 113 -35 -11 93 
-106 -86 -42 -36 25 45 
-64 106 -33 20 17 98 


-62 -55 -35 106 -62 -125 
-35 -41 -61 -28 59 -57 
-30 55 101 87 97 4 

-76 -109 81 -17 -97 20 
74 -3 46 45 -36 42 
62 101 -84 53 64 -120 

18 -126 50 -35 -105 -55 
-32 105 -69 -102 43 5 
108 99 10 24 65 -76 

113 62 -116 111 -78 -118 
-82 36 -39 91 117 -60 
-18 -59 54 55 18 50 

-16 110 -12 55 37 -121 
-42 -120 31 18 118 -27 
49 -38 -52 17 -117 9 

-44 0 115 -56 -83 -113 
-63 -28 -94 -69 77 -8 
66 -29 110 65 71 40 

-126 -107 -115 -38 126 -32 
101 98 -17 -121 65 -123 
60 124 -125 95 -48 75 

9 88 113 -35 -11 93 
-106 -86 -42 -36 25 45 
-64 106 -33 20 17 98 


-62 -55 -35 106 -62 -125 
-35 -41 -61 -28 59 -57 
-30 55 101 87 97 4 

-76 -109 81 -17 -97 20 
74 -3 46 45 -36 42 
62 101 -84 53 64 -120 

18 -126 50 -35 -105 -55 
-32 105 -69 -102 43 5 
108 99 10 24 65 -76 

113 62 -116 111 -78 -118 
-82 36 -39 91 117 -60 
-18 -59 54 55 18 50 

-16 110 -12 55 37 -121 
-42 -120 31 18 118 -27 
49 -38 -52 17 -117 9 

-44 0 115 -56 -83 -113 
-63 -28 -94 -69 77 -8 
66 -29 110 65 71 40 

-126 -107 -115 -38 126 -32 
101 98 -17 -121 65 -123 
60 124 -125 95 -48 75 

9 88 113 -35 -11 93 
-106 -86 -42 -36 25 45 
-64 106 -33 20 17 98 


-62 -55 -35 106 -62 -125 
-35 -41 -61 -28 59 -57 
-30 55 101 87 97 4 

-76 -109 81 -17 -97 20 
74 -3 46 45 -36 42 
62 101 -84 53 64 -120 

18 -126 50 -35 -105 -55 
-32 105 -69 -102 43 5 
108 99 10 24 65 -76 

113 62 -116 111 -78 -118 
-82 36 -39 91 117 -60 
-18 -59 54 55 18 50 

-16 110 -12 55 37 -121 
-42 -120 31 18 118 -27 
49 -38 -52 17 -117 9 

-44 0 115 -56 -83 -113 
-63 -28 -94 -69 77 -8 
66 -29 110 65 71 40 

-126 -107 -115 -38 126 -32 
101 98 -17 -121 65 -123 
60 124 -125 95 -48 75 

9 88 113 -35 -11 93 
-106 -86 -42 -36 25 45 
-64 106 -33 20 17 98 



-62 -55 -35 106 -62 -125 
-35 -41 -61 -28 59 -57 
-30 55 101 87 97 4 

-76 -109 81 -17 -97 20 
74 -3 46 45 -36 42 
62 101 -84 53 64 -120 

18 -126 50 -35 -105 -55 
-32 105 -69 -102 43 5 
108 99 10 24 65 -76 

113 62 -116 111 -78 -118 
-82 36 -39 91 117 -60 
-18 -59 54 55 18 50 

-16 110 -12 55 37 -121 
-42 -120 31 18 118 -27 
49 -38 -52 17 -117 9 

-44 0 115 -56 -83 -113 
-63 -28 -94 -69 77 -8 
66 -29 110 65 71 40 

-126 -107 -115 -38 126 -32 
101 98 -17 -121 65 -123 
60 124 -125 95 -48 75 

9 88 113 -35 -11 93 
-106 -86 -42 -36 25 45 
-64 106 -33 20 17 98 


-62 -55 -35 106 -62 -125 
-35 -41 -61 -28 59 -57 
-30 55 101 87 97 4 

-76 -109 81 -17 -97 20 
74 -3 46 45 -36 42 
62 101 -84 53 64 -120 

18 -126 50 -35 -105 -55 
-32 105 -69 -102 43 5 
108 99 10 24 65 -76 

113 62 -116 111 -78 -118 
-82 36 -39 91 117 -60 
-18 -59 54 55 18 50 

-16 110 -12 55 37 -121 
-42 -120 31 18 118 -27 
49 -38 -52 17 -117 9 

-44 0 115 -56 -83 -113 
-63 -28 -94 -69 77 -8 
66 -29 110 65 71 40 

-126 -107 -115 -38 126 -32 
101 98 -17 -121 65 -123 
60 124 -125 95 -48 75 

9 88 113 -35 -11 93 
-106 -86 -42 -36 25 45 
-64 106 -33 20 17 98 


-62 -55 -35 106 -62 -125 
-35 -41 -61 -28 59 -57 
-30 55 101 87 97 4 

-76 -109 81 -17 -97 20 
74 -3 46 45 -36 42 
62 101 -84 53 64 -120 

18 -126 50 -35 -105 -55 
-32 105 -69 -102 43 5 
108 99 10 24 65 -76 

113 62 -116 111 -78 -118 
-82 36 -39 91 117 -60 
-18 -59 54 55 18 50 

-16 110 -12 55 37 -121 
-42 -120 31 18 118 -27 
49 -38 -52 17 -117 9 

-44 0 115 -56 -83 -113 
-63 -28 -94 -69 77 -8 
66 -29 110 65 71 40 

-126 -107 -115 -38 126 -32 
101 98 -17 -121 65 -123 
60 124 -125 95 -48 75 

9 88 113 -35 -11 93 
-106 -86 -42 -36 25 45 
-64 106 -33 20 17 98 


-62 -55 -35 106 -62 -125 
-35 -41 -61 -28 59 -57 
-30 55 101 87 97 4 

-76 -109 81 -17 -97 20 
74 -3 46 45 -36 42 
62 101 -84 53 64 -120 

18 -126 50 -35 -105 -55 
-32 105 -69 -102 43 5 
108 99 10 24 65 -76 

113 62 -116 111 -78 -118 
-82 36 -39 91 117 -60 
-18 -59 54 55 18 50 

-16 110 -12 55 37 -121 
-42 -120 31 18 118 -27 
49 -38 -52 17 -117 9 

-44 0 115 -56 -83 -113 
-63 -28 -94 -69 77 -8 
66 -29 110 65 71 40 

-126 -107 -115 -38 126 -32 
101 98 -17 -121 65 -123 
60 124 -125 95 -48 75 

9 88 113 -35 -11 93 
-106 -86 -42 -36 25 45 
-64 106 -33 20 17 98 



-62 -55 -35 106 -62 -125 
-35 -41 -61 -28 59 -57 
-30 55 101 87 97 4 

-76 -109 81 -17 -97 20 
74 -3 46 45 -36 42 
62 101 -84 53 64 -120 

18 -126 50 -35 -105 -55 
-32 105 -69 -102 43 5 
108 99 10 24 65 -76 

113 62 -116 111 -78 -118 
-82 36 -39 91 117 -60 
-18 -59 54 55 18 50 

-16 110 -12 55 37 -121 
-42 -120 31 18 118 -27 
49 -38 -52 17 -117 9 

-44 0 115 -56 -83 -113 
-63 -28 -94 -69 77 -8 
66 -29 110 65 71 40 

-126 -107 -115 -38 126 -32 
101 98 -17 -121 65 -123 
60 124 -125 95 -48 75 

9 88 113 -35 -11 93 
-106 -86 -42 -36 25 45 
-64 106 -33 20 17 98 


-62 -55 -35 106 -62 -125 
-35 -41 -61 -28 59 -57 
-30 55 101 87 97 4 

-76 -109 81 -17 -97 20 
74 -3 46 45 -36 42 
62 101 -84 53 64 -120 

18 -126 50 -35 -105 -55 
-32 105 -69 -102 43 5 
108 99 10 24 65 -76 

113 62 -116 111 -78 -118 
-82 36 -39 91 117 -60 
-18 -59 54 55 18 50 

-16 110 -12 55 37 -121 
-42 -120 31 18 118 -27 
49 -38 -52 17 -117 9 

-44 0 115 -56 -83 -113 
-63 -28 -94 -69 77 -8 
66 -29 110 65 71 40 

-126 -107 -115 -38 126 -32 
101 98 -17 -121 65 -123 
60 124 -125 95 -48 75 

9 88 113 -35 -11 93 
-106 -86 -42 -36 25 45 
-64 106 -33 20 17 98 


-62 -55 -35 106 -62 -125 
-35 -41 -61 -28 59 -57 
-30 55 101 87 97 4 

-76 -109 81 -17 -97 20 
74 -3 46 45 -36 42 
62 101 -84 53 64 -120 

18 -126 50 -35 -105 -55 
-32 105 -69 -102 43 5 
108 99 10 24 65 -76 

113 62 -116 111 -78 -118 
-82 36 -39 91 117 -60 
-18 -59 54 55 18 50 

-16 110 -12 55 37 -121 
-42 -120 31 18 118 -27 
49 -38 -52 17 -117 9 

-44 0 115 -56 -83 -113 
-63 -28 -94 -69 77 -8 
66 -29 110 65 71 40 

-126 -107 -115 -38 126 -32 
101 98 -17 -121 65 -123 
60 124 -125 95 -48 75 

9 88 113 -35 -11 93 
-106 -86 -42 -36 25 45 
-64 106 -33 20 17 98 


-62 -55 -35 106 -62 -125 
-35 -41 -61 -28 59 -57 
-30 55 101 87 97 4 

-76 -109 81 -17 -97 20 
74 -3 46 45 -36 42 
62 101 -84 53 64 -120 

18 -126 50 -35 -105 -55 
-32 105 -69 -102 43 5 
108 99 10 24 65 -76 

113 62 -116 111 -78 -118 
-82 36 -39 91 117 -60 
-18 -59 54 55 18 50 

-16 110 -12 55 37 -121 
-42 -120 31 18 118 -27 
49 -38 -52 17 -117 9 

-44 0 115 -56 -83 -113 
-63 -28 -94 -69 77 -8 
66 -29 110 65 71 40 

-126 -107 -115 -38 126 -32 
101 98 -17 -121 65 -123 
60 124 -125 95 -48 75 

9 88 113 -35 -11 93 
-106 -86 -42 -36 25 45 
-64 106 -33 20 17 98 



-62 -55 -35 106 -62 -125 
-35 -41 -61 -28 59 -57 
-30 55 101 87 97 4 

-76 -109 81 -17 -97 20 
74 -3 46 45 -36 42 
62 101 -84 53 64 -120 

18 -126 50 -35 -105 -55 
-32 105 -69 -102 43 5 
108 99 10 24 65 -76 

113 62 -116 111 -78 -118 
-82 36 -39 91 117 -60 
-18 -59 54 55 18 50 

-16 110 -12 55 37 -121 
-42 -120 31 18 118 -27 
49 -38 -52 17 -117 9 

-44 0 115 -56 -83 -113 
-63 -28 -94 -69 77 -8 
66 -29 110 65 71 40 

-126 -107 -115 -38 126 -32 
101 98 -17 -121 65 -123 
60 124 -125 95 -48 75 

9 88 113 -35 -11 93 
-106 -86 -42 -36 25 45 
-64 106 -33 20 17 98 


-62 -55 -35 106 -62 -125 
-35 -41 -61 -28 59 -57 
-30 55 101 87 97 4 

-76 -109 81 -17 -97 20 
74 -3 46 45 -36 42 
62 101 -84 53 64 -120 

18 -126 50 -35 -105 -55 
-32 105 -69 -102 43 5 
108 99 10 24 65 -76 

113 62 -116 111 -78 -118 
-82 36 -39 91 117 -60 
-18 -59 54 55 18 50 

-16 110 -12 55 37 -121 
-42 -120 31 18 118 -27 
49 -38 -52 17 -117 9 

-44 0 115 -56 -83 -113 
-63 -28 -94 -69 77 -8 
66 -29 110 65 71 40 

-126 -107 -115 -38 126 -32 
101 98 -17 -121 65 -123 
60 124 -125 95 -48 75 

9 88 113 -35 -11 93 
-106 -86 -42 -36 25 45 
-64 106 -33 20 17 98 


-62 -55 -35 106 -62 -125 
-35 -41 -61 -28 59 -57 
-30 55 101 87 97 4 

-76 -109 81 -17 -97 20 
74 -3 46 45 -36 42 
62 101 -84 53 64 -120 

18 -126 50 -35 -105 -55 
-32 105 -69 -102 43 5 
108 99 10 24 65 -76 

113 62 -116 111 -78 -118 
-82 36 -39 91 117 -60 
-18 -59 54 55 18 50 

-16 110 -12 55 37 -121 
-42 -120 31 18 118 -27 
49 -38 -52 17 -117 9 

-44 0 115 -56 -83 -113 
-63 -28 -94 -69 77 -8 
66 -29 110 65 71 40 

-126 -107 -115 -38 126 -32 
101 98 -17 -121 65 -123 
60 124 -125 95 -48 75 

9 88 113 -35 -11 93 
-106 -86 -42 -36 25 45 
-64 106 -33 20 17 98 


-62 -55 -35 106 -62 -125 
-35 -41 -61 -28 59 -57 
-30 55 101 87 97 4 

-76 -109 81 -17 -97 20 
74 -3 46 45 -36 42 
62 101 -84 53 64 -120 

18 -126 50 -35 -105 -55 
-32 105 -69 -102 43 5 
108 99 10 24 65 -76 

113 62 -116 111 -78 -118 
-82 36 -39 91 117 -60 
-18 -59 54 55 18 50 

-16 110 -12 55 37 -121 
-42 -120 31 18 118 -27 
49 -38 -52 17 -117 9 

-44 0 115 -56 -83 -113 
-63 -28 -94 -69 77 -8 
66 -29 110 65 71 40 

-126 -107 -115 -38 126 -32 
101 98 -17 -121 65 -123 
60 124 -125 95 -48 75 

9 88 113 -35 -11 93 
-106 -86 -42 -36 25 45 
-64 106 -33 20 17 98 



-62 -55 -35 106 -62 -125 
-35 -41 -61 -28 59 -57 
-30 55 101 87 97 4 

-76 -109 81 -17 -97 20 
74 -3 46 45 -36 42 
62 101 -84 53 64 -120 

18 -126 50 -35 -105 -55 
-32 105 -69 -102 43 5 
108 99 10 24 65 -76 

113 62 -116 111 -78 -118 
-82 36 -39 91 117 -60 
-18 -59 54 55 18 50 

-16 110 -12 55 37 -121 
-42 -120 31 18 118 -27 
49 -38 -52 17 -117 9 

-44 0 115 -56 -83 -113 
-63 -28 -94 -69 77 -8 
66 -29 110 65 71 40 

-126 -107 -115 -38 126 -32 
101 98 -17 -121 65 -123 
60 124 -125 95 -48 75 

9 88 113 -35 -11 93 
-106 -86 -42 -36 25 45 
-64 106 -33 20 17 98 


-62 -55 -35 106 -62 -125 
-35 -41 -61 -28 59 -57 
-30 55 101 87 97 4 

-76 -109 81 -17 -97 20 
74 -3 46 45 -36 42 
62 101 -84 53 64 -120 

18 -126 50 -35 -105 -55 
-32 105 -69 -102 43 5 
108 99 10 24 65 -76 

113 62 -116 111 -78 -118 
-82 36 -39 91 117 -60 
-18 -59 54 55 18 50 

-16 110 -12 55 37 -121 
-42 -120 31 18 118 -27 
49 -38 -52 17 -117 9 

-44 0 115 -56 -83 -113 
-63 -28 -94 -69 77 -8 
66 -29 110 65 71 40 

-126 -107 -115 -38 126 -32 
101 98 -17 -121 65 -123 
60 124 -125 95 -48 75 

9 88 113 -35 -11 93 
-106 -86 -42 -36 25 45 
-64 106 -33 20 17 98 


-62 -55 -35 106 -62 -125 
-35 -41 -61 -28 59 -57 
-30 55 101 87 97 4 

-76 -109 81 -17 -97 20 
74 -3 46 45 -36 42 
62 101 -84 53 64 -120 

18 -126 50 -35 -105 -55 
-32 105 -69 -102 43 5 
108 99 10 24 65 -76 

113 62 -116 111 -78 -118 
-82 36 -39 91 117 -60 
-18 -59 54 55 18 50 

-16 110 -12 55 37 -121 
-42 -120 31 18 118 -27 
49 -38 -52 17 -117 9 

-44 0 115 -56 -83 -113 
-63 -28 -94 -69 77 -8 
66 -29 110 65 71 40 

-126 -107 -115 -38 126 -32 
101 98 -17 -121 65 -123 
60 124 -125 95 -48 75 

9 88 113 -35 -11 93 
-106 -86 -42 -36 25 45 
-64 106 -33 20 17 98 


-62 -55 -35 106 -62 -125 
-35 -41 -61 -28 59 -57 
-30 55 101 87 97 4 

-76 -109 81 -17 -97 20 
74 -3 46 45 -36 42 
62 101 -84 53 64 -120 

18 -126 50 -35 -105 -55 
-32 105 -69 -102 43 5 
108 99 10 24 65 -76 

113 62 -116 111 -78 -118 
-82 36 -39 91 117 -60 
-18 -59 54 55 18 50 

-16 110 -12 55 37 -121 
-42 -120 31 18 118 -27 
49 -38 -52 17 -117 9 

-44 0 115 -56 -83 -113 
-63 -28 -94 -69 77 -8 
66 -29 110 65 71 40 

-126 -107 -115 -38 126 -32 
101 98 -17 -121 65 -123 
60 124 -125 95 -48 75 

9 88 113 -35 -11 93 
-106 -86 -42 -36 25 45 
-64 106 -33 20 17 98 




-122 44 -13 -57 -19 95 
119 33 -1 18 -116 -126 
59 -81 -99 -110 -19 -5 

19 -16 -24 46 -69 72 
45 34 101 45 51 103 
-43 -38 72 -50 99 99 

121 94 127 -91 -124 -49 
1 -88 21 77 120 79 
-39 -43 69 -41 49 84 

-4 81 29 84 -116 -100 
-22 60 -52 -16 -66 0 
-30 28 -109 -42 66 -122 

-96 119 21 -53 116 91 
36 112 -26 1 21 58 
-104 -65 -44 -86 24 -64 

38 88 -8 -26 -120 -58 
30 -77 -80 126 -51 9 
28 -63 -24 5 3 -59 

-23 33 4 -40 -81 75 
-125 -63 11 80 69 95 
-125 39 24 -37 123 74 

-100 31 50 9 112 -126 
121 116 91 39 2 97 
-120 114 -126 -18 -104 -67 


-122 44 -13 -57 -19 95 
119 33 -1 18 -116 -126 
59 -81 -99 -110 -19 -5 

19 -16 -24 46 -69 72 
45 34 101 45 51 103 
-43 -38 72 -50 99 99 

121 94 127 -91 -124 -49 
1 -88 21 77 120 79 
-39 -43 69 -41 49 84 

-4 81 29 84 -116 -100 
-22 60 -52 -16 -66 0 
-30 28 -109 -42 66 -122 

-96 119 21 -53 116 91 
36 112 -26 1 21 58 
-104 -65 -44 -86 24 -64 

38 88 -8 -26 -120 -58 
30 -77 -80 126 -51 9 
28 -63 -24 5 3 -59 

-23 33 4 -40 -81 75 
-125 -63 11 80 69 95 
-125 39 24 -37 123 74 

-100 31 50 9 112 -126 
121 116 91 39 2 97 
-120 114 -126 -18 -104 -67 


-122 44 -13 -57 -19 95 
119 33 -1 18 -116 -126 
59 -81 -99 -110 -19 -5 

19 -16 -24 46 -69 72 
45 34 101 45 51 103 
-43 -38 72 -50 99 99 

121 94 127 -91 -124 -49 
1 -88 21 77 120 79 
-39 -43 69 -41 49 84 

-4 81 29 84 -116 -100 
-22 60 -52 -16 -66 0 
-30 28 -109 -42 66 -122 

-96 119 21 -53 116 91 
36 112 -26 1 21 58 
-104 -65 -44 -86 24 -64 

38 88 -8 -26 -120 -58 
30 -77 -80 126 -51 9 
28 -63 -24 5 3 -59 

-23 33 4 -40 -81 75 
-125 -63 11 80 69 95 
-125 39 24 -37 123 74 

-100 31 50 9 112 -126 
121 116 91 39 2 97 
-120 114 -126 -18 -104 -67 


-122 44 -13 -57 -19 95 
119 33 -1 18 -116 -126 
59 -81 -99 -110 -19 -5 

19 -16 -24 46 -69 72 
45 34 101 45 51 103 
-43 -38 72 -50 99 99 

121 94 127 -91 -124 -49 
1 -88 21 77 120 79 
-39 -43 69 -41 49 84 

-4 81 29 84 -116 -100 
-22 60 -52 -16 -66 0 
-30 28 -109 -42 66 -122 

-96 119 21 -53 116 91 
36 112 -26 1 21 58 
-104 -65 -44 -86 24 -64 

38 88 -8 -26 -120 -58 
30 -77 -80 126 -51 9 
28 -63 -24 5 3 -59 

-23 33 4 -40 -81 75 
-125 -63 11 80 69 95 
-125 39 24 -37 123 74 

-100 31 50 9 112 -126 
121 116 91 39 2 97 
-120 114 -126 -18 -104 -67 



-122 44 -13 -57 -19 95 
119 33 -1 18 -116 -126 
59 -81 -99 -110 -19 -5 

19 -16 -24 46 -69 72 
45 34 101 45 51 103 
-43 -38 72 -50 99 99 

121 94 127 -91 -124 -49 
1 -88 21 77 120 79 
-39 -43 69 -41 49 84 

-4 81 29 84 -116 -100 
-22 60 -52 -16 -66 0 
-30 28 -109 -42 66 -122 

-96 119 21 -53 116 91 
36 112 -26 1 21 58 
-104 -65 -44 -86 24 -64 

38 88 -8 -26 -120 -58 
30 -77 -80 126 -51 9 
28 -63 -24 5 3 -59 

-23 33 4 -40 -81 75 
-125 -63 11 80 69 95 
-125 39 24 -37 123 74 

-100 31 50 9 112 -126 
121 116 91 39 2 97 
-120 114 -126 -18 -104 -67 


-122 44 -13 -57 -19 95 
119 33 -1 18 -116 -126 
59 -81 -99 -110 -19 -5 

19 -16 -24 46 -69 72 
45 34 101 45 51 103 
-43 -38 72 -50 99 99 

121 94 127 -91 -124 -49 
1 -88 21 77 120 79 
-39 -43 69 -41 49 84 

-4 81 29 84 -116 -100 
-22 60 -52 -16 -66 0 
-30 28 -109 -42 66 -122 

-96 119 21 -53 116 91 
36 112 -26 1 21 58 
-104 -65 -44 -86 24 -64 

38 88 -8 -26 -120 -58 
30 -77 -80 126 -51 9 
28 -63 -24 5 3 -59 

-23 33 4 -40 -81 75 
-125 -63 11 80 69 95 
-125 39 24 -37 123 74 

-100 31 50 9 112 -126 
121 116 91 39 2 97 
-120 114 -126 -18 -104 -67 


-122 44 -13 -57 -19 95 
119 33 -1 18 -116 -126 
59 -81 -99 -110 -19 -5 

19 -16 -24 46 -69 72 
45 34 101 45 51 103 
-43 -38 72 -50 99 99 

121 94 127 -91 -124 -49 
1 -88 21 77 120 79 
-39 -43 69 -41 49 84 

-4 81 29 84 -116 -100 
-22 60 -52 -16 -66 0 
-30 28 -109 -42 66 -122 

-96 119 21 -53 116 91 
36 112 -26 1 21 58 
-104 -65 -44 -86 24 -64 

38 88 -8 -26 -120 -58 
30 -77 -80 126 -51 9 
28 -63 -24 5 3 -59 

-23 33 4 -40 -81 75 
-125 -63 11 80 69 95 
-125 39 24 -37 123 74 

-100 31 50 9 112 -126 
121 116 91 39 2 97 
-120 114 -126 -18 -104 -67 


-122 44 -13 -57 -19 95 
119 33 -1 18 -116 -126 
59 -81 -99 -110 -19 -5 

19 -16 -24 46 -69 72 
45 34 101 45 51 103 
-43 -38 72 -50 99 99 

121 94 127 -91 -124 -49 
1 -88 21 77 120 79 
-39 -43 69 -41 49 84 

-4 81 29 84 -116 -100 
-22 60 -52 -16 -66 0 
-30 28 -109 -42 66 -122 

-96 119 21 -53 116 91 
36 112 -26 1 21 58 
-104 -65 -44 -86 24 -64 

38 88 -8 -26 -120 -58 
30 -77 -80 126 -51 9 
28 -63 -24 5 3 -59 

-23 33 4 -40 -81 75 
-125 -63 11 80 69 95 
-125 39 24 -37 123 74 

-100 31 50 9 112 -126 
121 116 91 39 2 97 
-120 114 -126 -18 -104 -67 



-122 44 -13 -57 -19 95 
119 33 -1 18 -116 -126 
59 -81 -99 -110 -19 -5 

19 -16 -24 46 -69 72 
45 34 101 45 51 103 
-43 -38 72 -50 99 99 

121 94 127 -91 -124 -49 
1 -88 21 77 120 79 
-39 -43 69 -41 49 84 

-4 81 29 84 -116 -100 
-22 60 -52 -16 -66 0 
-30 28 -109 -42 66 -122 

-96 119 21 -53 116 91 
36 112 -26 1 21 58 
-104 -65 -44 -86 24 -64 

38 88 -8 -26 -120 -58 
30 -77 -80 126 -51 9 
28 -63 -24 5 3 -59 

-23 33 4 -40 -81 75 
-125 -63 11 80 69 95 
-125 39 24 -37 123 74 

-100 31 50 9 112 -126 
121 116 91 39 2 97 
-120 114 -126 -18 -104 -67 


-122 44 -13 -57 -19 95 
119 33 -1 18 -116 -126 
59 -81 -99 -110 -19 -5 

19 -16 -24 46 -69 72 
45 34 101 45 51 103 
-43 -38 72 -50 99 99 

121 94 127 -91 -124 -49 
1 -88 21 77 120 79 
-39 -43 69 -41 49 84 

-4 81 29 84 -116 -100 
-22 60 -52 -16 -66 0 
-30 28 -109 -42 66 -122 

-96 119 21 -53 116 91 
36 112 -26 1 21 58 
-104 -65 -44 -86 24 -64 

38 88 -8 -26 -120 -58 
30 -77 -80 126 -51 9 
28 -63 -24 5 3 -59 

-23 33 4 -40 -81 75 
-125 -63 11 80 69 95 
-125 39 24 -37 123 74 

-100 31 50 9 112 -126 
121 116 91 39 2 97 
-120 114 -126 -18 -104 -67 


-122 44 -13 -57 -19 95 
119 33 -1 18 -116 -126 
59 -81 -99 -110 -19 -5 

19 -16 -24 46 -69 72 
45 34 101 45 51 103 
-43 -38 72 -50 99 99 

121 94 127 -91 -124 -49 
1 -88 21 77 120 79 
-39 -43 69 -41 49 84 

-4 81 29 84 -116 -100 
-22 60 -52 -16 -66 0 
-30 28 -109 -42 66 -122 

-96 119 21 -53 116 91 
36 112 -26 1 21 58 
-104 -65 -44 -86 24 -64 

38 88 -8 -26 -120 -58 
30 -77 -80 126 -51 9 
28 -63 -24 5 3 -59 

-23 33 4 -40 -81 75 
-125 -63 11 80 69 95 
-125 39 24 -37 123 74 

-100 31 50 9 112 -126 
121 116 91 39 2 97 
-120 114 -126 -18 -104 -67 


-122 44 -13 -57 -19 95 
119 33 -1 18 -116 -126 
59 -81 -99 -110 -19 -5 

19 -16 -24 46 -69 72 
45 34 101 45 51 103 
-43 -38 72 -50 99 99 

121 94 127 -91 -124 -49 
1 -88 21 77 120 79 
-39 -43 69 -41 49 84 

-4 81 29 84 -116 -100 
-22 60 -52 -16 -66 0 
-30 28 -109 -42 66 -122 

-96 119 21 -53 116 91 
36 112 -26 1 21 58 
-104 -65 -44 -86 24 -64 

38 88 -8 -26 -120 -58 
30 -77 -80 126 -51 9 
28 -63 -24 5 3 -59 

-23 33 4 -40 -81 75 
-125 -63 11 80 69 95 
-125 39 24 -37 123 74 

-100 31 50 9 112 -126 
121 116 91 39 2 97 
-120 114 -126 -18 -104 -67 



-122 44 -13 -57 -19 95 
119 33 -1 18 -116 -126 
59 -81 -99 -110 -19 -5 

19 -16 -24 46 -69 72 
45 34 101 45 51 103 
-43 -38 72 -50 99 99 

121 94 127 -91 -124 -49 
1 -88 21 77 120 79 
-39 -43 69 -41 49 84 

-4 81 29 84 -116 -100 
-22 60 -52 -16 -66 0 
-30 28 -109 -42 66 -122 

-96 119 21 -53 116 91 
36 112 -26 1 21 58 
-104 -65 -44 -86 24 -64 

38 88 -8 -26 -120 -58 
30 -77 -80 126 -51 9 
28 -63 -24 5 3 -59 

-23 33 4 -40 -81 75 
-125 -63 11 80 69 95 
-125 39 24 -37 123 74 

-100 31 50 9 112 -126 
121 116 91 39 2 97 
-120 114 -126 -18 -104 -67 


-122 44 -13 -57 -19 95 
119 33 -1 18 -116 -126 
59 -81 -99 -110 -19 -5 

19 -16 -24 46 -69 72 
45 34 101 45 51 103 
-43 -38 72 -50 99 99 

121 94 127 -91 -124 -49 
1 -88 21 77 120 79 
-39 -43 69 -41 49 84 

-4 81 29 84 -116 -100 
-22 60 -52 -16 -66 0 
-30 28 -109 -42 66 -122 

-96 119 21 -53 116 91 
36 112 -26 1 21 58 
-104 -65 -44 -86 24 -64 

38 88 -8 -26 -120 -58 
30 -77 -80 126 -51 9 
28 -63 -24 5 3 -59 

-23 33 4 -40 -81 75 
-125 -63 11 80 69 95 
-125 39 24 -37 123 74 

-100 31 50 9 112 -126 
121 116 91 39 2 97 
-120 114 -126 -18 -104 -67 


-122 44 -13 -57 -19 95 
119 33 -1 18 -116 -126 
59 -81 -99 -110 -19 -5 

19 -16 -24 46 -69 72 
45 34 101 45 51 103 
-43 -38 72 -50 99 99 

121 94 127 -91 -124 -49 
1 -88 21 77 120 79 
-39 -43 69 -41 49 84 

-4 81 29 84 -116 -100 
-22 60 -52 -16 -66 0 
-30 28 -109 -42 66 -122 

-96 119 21 -53 116 91 
36 112 -26 1 21 58 
-104 -65 -44 -86 24 -64 

38 88 -8 -26 -120 -58 
30 -77 -80 126 -51 9 
28 -63 -24 5 3 -59 

-23 33 4 -40 -81 75 
-125 -63 11 80 69 95 
-125 39 24 -37 123 74 

-100 31 50 9 112 -126 
121 116 91 39 2 97 
-120 114 -126 -18 -104 -67 


-122 44 -13 -57 -19 95 
119 33 -1 18 -116 -126 
59 -81 -99 -110 -19 -5 

19 -16 -24 46 -69 72 
45 34 101 45 51 103 
-43 -38 72 -50 99 99 

121 94 127 -91 -124 -49 
1 -88 21 77 120 79 
-39 -43 69 -41 49 84 

-4 81 29 84 -116 -100 
-22 60 -52 -16 -66 0 
-30 28 -109 -42 66 -122 

-96 119 21 -53 116 91 
36 112 -26 1 21 58 
-104 -65 -44 -86 24 -64 

38 88 -8 -26 -120 -58 
30 -77 -80 126 -51 9 
28 -63 -24 5 3 -59 

-23 33 4 -40 -81 75 
-125 -63 11 80 69 95 
-125 39 24 -37 123 74 

-100 31 50 9 112 -126 
121 116 91 39 2 97 
-120 114 -126 -18 -104 -67 



-122 44 -13 -57 -19 95 
119 33 -1 18 -116 -126 
59 -81 -99 -110 -19 -5 

19 -16 -24 46 -69 72 
45 34 101 45 51 103 
-43 -38 72 -50 99 99 

121 94 127 -91 -124 -49 
1 -88 21 77 120 79 
-39 -43 69 -41 49 84 

-4 81 29 84 -116 -100 
-22 60 -52 -16 -66 0 
-30 28 -109 -42 66 -122 

-96 119 21 -53 116 91 
36 112 -26 1 21 58 
-104 -65 -44 -86 24 -64 

38 88 -8 -26 -120 -58 
30 -77 -80 126 -51 9 
28 -63 -24 5 3 -59 

-23 33 4 -40 -81 75 
-125 -63 11 80 69 95 
-125 39 24 -37 123 74 

-100 31 50 9 112 -126 
121 116 91 39 2 97 
-120 114 -126 -18 -104 -67 


-122 44 -13 -57 -19 95 
119 33 -1 18 -116 -126 
59 -81 -99 -110 -19 -5 

19 -16 -24 46 -69 72 
45 34 101 45 51 103 
-43 -38 72 -50 99 99 

121 94 127 -91 -124 -49 
1 -88 21 77 120 79 
-39 -43 69 -41 49 84 

-4 81 29 84 -116 -100 
-22 60 -52 -16 -66 0 
-30 28 -109 -42 66 -122 

-96 119 21 -53 116 91 
36 112 -26 1 21 58 
-104 -65 -44 -86 24 -64 

38 88 -8 -26 -120 -58 
30 -77 -80 126 -51 9 
28 -63 -24 5 3 -59 

-23 33 4 -40 -81 75 
-125 -63 11 80 69 95 
-125 39 24 -37 123 74 

-100 31 50 9 112 -126 
121 116 91 39 2 97 
-120 114 -126 -18 -104 -67 


-122 44 -13 -57 -19 95 
119 33 -1 18 -116 -126 
59 -81 -99 -110 -19 -5 

19 -16 -24 46 -69 72 
45 34 101 45 51 103 
-43 -38 72 -50 99 99 

121 94 127 -91 -124 -49 
1 -88 21 77 120 79 
-39 -43 69 -41 49 84 

-4 81 29 84 -116 -100 
-22 60 -52 -16 -66 0 
-30 28 -109 -42 66 -122 

-96 119 21 -53 116 91 
36 112 -26 1 21 58 
-104 -65 -44 -86 24 -64 

38 88 -8 -26 -120 -58 
30 -77 -80 126 -51 9 
28 -63 -24 5 3 -59 

-23 33 4 -40 -81 75 
-125 -63 11 80 69 95 
-125 39 24 -37 123 74 

-100 31 50 9 112 -126 
121 116 91 39 2 97 
-120 114 -126 -18 -104 -67 


-122 44 -13 -57 -19 95 
119 33 -1 18 -116 -126 
59 -81 -99 -110 -19 -5 

19 -16 -24 46 -69 72 
45 34 101 45 51 103 
-43 -38 72 -50 99 99 

121 94 127 -91 -124 -49 
1 -88 21 77 120 79 
-39 -43 69 -41 49 84 

-4 81 29 84 -116 -100 
-22 60 -52 -16 -66 0 
-30 28 -109 -42 66 -122 

-96 119 21 -53 116 91 
36 112 -26 1 21 58 
-104 -65 -44 -86 24 -64 

38 88 -8 -26 -120 -58 
30 -77 -80 126 -51 9 
28 -63 -24 5 3 -59 

-23 33 4 -40 -81 75 
-125 -63 11 80 69 95 
-125 39 24 -37 123 74 

-100 31 50 9 112 -126 
121 116 91 39 2 97 
-120 114 -126 -18 -104 -67 



-122 44 -13 -57 -19 95 
119 33 -1 18 -116 -126 
59 -81 -99 -110 -19 -5 

19 -16 -24 46 -69 72 
45 34 101 45 51 103 
-43 -38 72 -50 99 99 

121 94 127 -91 -124 -49 
1 -88 21 77 120 79 
-39 -43 69 -41 49 84 

-4 81 29 84 -116 -100 
-22 60 -52 -16 -66 0 
-30 28 -109 -42 66 -122 

-96 119 21 -53 116 91 
36 112 -26 1 21 58 
-104 -65 -44 -86 24 -64 

38 88 -8 -26 -120 -58 
30 -77 -80 126 -51 9 
28 -63 -24 5 3 -59 

-23 33 4 -40 -81 75 
-125 -63 11 80 69 95 
-125 39 24 -37 123 74 

-100 31 50 9 112 -126 
121 116 91 39 2 97 
-120 114 -126 -18 -104 -67 


-122 44 -13 -57 -19 95 
119 33 -1 18 -116 -126 
59 -81 -99 -110 -19 -5 

19 -16 -24 46 -69 72 
45 34 101 45 51 103 
-43 -38 72 -50 99 99 

121 94 127 -91 -124 -49 
1 -88 21 77 120 79 
-39 -43 69 -41 49 84 

-4 81 29 84 -116 -100 
-22 60 -52 -16 -66 0 
-30 28 -109 -42 66 -122 

-96 119 21 -53 116 91 
36 112 -26 1 21 58 
-104 -65 -44 -86 24 -64 

38 88 -8 -26 -120 -58 
30 -77 -80 126 -51 9 
28 -63 -24 5 3 -59 

-23 33 4 -40 -81 75 
-125 -63 11 80 69 95 
-125 39 24 -37 123 74 

-100 31 50 9 112 -126 
121 116 91 39 2 97 
-120 114 -126 -18 -104 -67 


-122 44 -13 -57 -19 95 
119 33 -1 18 -116 -126 
59 -81 -99 -110 -19 -5 

19 -16 -24 46 -69 72 
45 34 101 45 51 103 
-43 -38 72 -50 99 99 

121 94 127 -91 -124 -49 
1 -88 21 77 120 79 
-39 -43 69 -41 49 84 

-4 81 29 84 -116 -100 
-22 60 -52 -16 -66 0 
-30 28 -109 -42 66 -122 

-96 119 21 -53 116 91 
36 112 -26 1 21 58 
-104 -65 -44 -86 24 -64 

38 88 -8 -26 -120 -58 
30 -77 -80 126 -51 9 
28 -63 -24 5 3 -59 

-23 33 4 -40 -81 75 
-125 -63 11 80 69 95 
-125 39 24 -37 123 74 

-100 31 50 9 112 -126 
121 116 91 39 2 97 
-120 114 -126 -18 -104 -67 


-122 44 -13 -57 -19 95 
119 33 -1 18 -116 -126 
59 -81 -99 -110 -19 -5 

19 -16 -24 46 -69 72 
45 34 101 45 51 103 
-43 -38 72 -50 99 99 

121 94 127 -91 -124 -49 
1 -88 21 77 120 79 
-39 -43 69 -41 49 84 

-4 81 29 84 -116 -100 
-22 60 -52 -16 -66 0 
-30 28 -109 -42 66 -122 

-96 119 21 -53 116 91 
36 112 -26 1 21 58 
-104 -65 -44 -86 24 -64 

38 88 -8 -26 -120 -58 
30 -77 -80 126 -51 9 
28 -63 -24 5 3 -59 

-23 33 4 -40 -81 75 
-125 -63 11 80 69 95 
-125 39 24 -37 123 74 

-100 31 50 9 112 -126 
121 116 91 39 2 97 
-120 114 -126 -18 -104 -67 



-122 44 -13 -57 -19 95 
119 33 -1 18 -116 -126 
59 -81 -99 -110 -19 -5 

19 -16 -24 46 -69 72 
45 34 101 45 51 103 
-43 -38 72 -50 99 99 

121 94 127 -91 -124 -49 
1 -88 21 77 120 79 
-39 -43 69 -41 49 84 

-4 81 29 84 -116 -100 
-22 60 -52 -16 -66 0 
-30 28 -109 -42 66 -122 

-96 119 21 -53 116 91 
36 112 -26 1 21 58 
-104 -65 -44 -86 24 -64 

38 88 -8 -26 -120 -58 
30 -77 -80 126 -51 9 
28 -63 -24 5 3 -59 

-23 33 4 -40 -81 75 
-125 -63 11 80 69 95 
-125 39 24 -37 123 74 

-100 31 50 9 112 -126 
121 116 91 39 2 97 
-120 114 -126 -18 -104 -67 


-122 44 -13 -57 -19 95 
119 33 -1 18 -116 -126 
59 -81 -99 -110 -19 -5 

19 -16 -24 46 -69 72 
45 34 101 45 51 103 
-43 -38 72 -50 99 99 

121 94 127 -91 -124 -49 
1 -88 21 77 120 79 
-39 -43 69 -41 49 84 

-4 81 29 84 -116 -100 
-22 60 -52 -16 -66 0 
-30 28 -109 -42 66 -122 

-96 119 21 -53 116 91 
36 112 -26 1 21 58 
-104 -65 -44 -86 24 -64 

38 88 -8 -26 -120 -58 
30 -77 -80 126 -51 9 
28 -63 -24 5 3 -59 

-23 33 4 -40 -81 75 
-125 -63 11 80 69 95 
-125 39 24 -37 123 74 

-100 31 50 9 112 -126 
121 116 91 39 2 97 
-120 114 -126 -18 -104 -67 


-122 44 -13 -57 -19 95 
119 33 -1 18 -116 -126 
59 -81 -99 -110 -19 -5 

19 -16 -24 46 -69 72 
45 34 101 45 51 103 
-43 -38 72 -50 99 99 

121 94 127 -91 -124 -49 
1 -88 21 77 120 79 
-39 -43 69 -41 49 84 

-4 81 29 84 -116 -100 
-22 60 -52 -16 -66 0 
-30 28 -109 -42 66 -122 

-96 119 21 -53 116 91 
36 112 -26 1 21 58 
-104 -65 -44 -86 24 -64 

38 88 -8 -26 -120 -58 
30 -77 -80 126 -51 9 
28 -63 -24 5 3 -59 

-23 33 4 -40 -81 75 
-125 -63 11 80 69 95 
-125 39 24 -37 123 74 

-100 31 50 9 112 -126 
121 116 91 39 2 97 
-120 114 -126 -18 -104 -67 


-122 44 -13 -57 -19 95 
119 33 -1 18 -116 -126 
59 -81 -99 -110 -19 -5 

19 -16 -24 46 -69 72 
45 34 101 45 51 103 
-43 -38 72 -50 99 99 

121 94 127 -91 -124 -49 
1 -88 21 77 120 79 
-39 -43 69 -41 49 84 

-4 81 29 84 -116 -100 
-22 60 -52 -16 -66 0 
-30 28 -109 -42 66 -122 

-96 119 21 -53 116 91 
36 112 -26 1 21 58 
-104 -65 -44 -86 24 -64 

38 88 -8 -26 -120 -58 
30 -77 -80 126 -51 9 
28 -63 -24 5 3 -59 

-23 33 4 -40 -81 75 
-125 -63 11 80 69 95 
-125 39 24 -37 123 74 

-100 31 50 9 112 -126 
121 116 91 39 2 97 
-120 114 -126 -18 -104 -67 



-122 44 -13 -57 -19 95 
119 33 -1 18 -116 -126 
59 -81 -99 -110 -19 -5 

19 -16 -24 46 -69 72 
45 34 101 45 51 103 
-43 -38 72 -50 99 99 

121 94 127 -91 -124 -49 
1 -88 21 77 120 79 
-39 -43 69 -41 49 84 

-4 81 29 84 -116 -100 
-22 60 -52 -16 -66 0 
-30 28 -109 -42 66 -122 

-96 119 21 -53 116 91 
36 112 -26 1 21 58 
-104 -65 -44 -86 24 -64 

38 88 -8 -26 -120 -58 
30 -77 -80 126 -51 9 
28 -63 -24 5 3 -59 

-23 33 4 -40 -81 75 
-125 -63 11 80 69 95 
-125 39 24 -37 123 74 

-100 31 50 9 112 -126 
121 116 91 39 2 97 
-120 114 -126 -18 -104 -67 


-122 44 -13 -57 -19 95 
119 33 -1 18 -116 -126 
59 -81 -99 -110 -19 -5 

19 -16 -24 46 -69 72 
45 34 101 45 51 103 
-43 -38 72 -50 99 99 

121 94 127 -91 -124 -49 
1 -88 21 77 120 79 
-39 -43 69 -41 49 84 

-4 81 29 84 -116 -100 
-22 60 -52 -16 -66 0 
-30 28 -109 -42 66 -122 

-96 119 21 -53 116 91 
36 112 -26 1 21 58 
-104 -65 -44 -86 24 -64 

38 88 -8 -26 -120 -58 
30 -77 -80 126 -51 9 
28 -63 -24 5 3 -59 

-23 33 4 -40 -81 75 
-125 -63 11 80 69 95 
-125 39 24 -37 123 74 

-100 31 50 9 112 -126 
121 116 91 39 2 97 
-120 114 -126 -18 -104 -67 


-122 44 -13 -57 -19 95 
119 33 -1 18 -116 -126 
59 -81 -99 -110 -19 -5 

19 -16 -24 46 -69 72 
45 34 101 45 51 103 
-43 -38 72 -50 99 99 

121 94 127 -91 -124 -49 
1 -88 21 77 120 79 
-39 -43 69 -41 49 84 

-4 81 29 84 -116 -100 
-22 60 -52 -16 -66 0 
-30 28 -109 -42 66 -122 

-96 119 21 -53 116 91 
36 112 -26 1 21 58 
-104 -65 -44 -86 24 -64 

38 88 -8 -26 -120 -58 
30 -77 -80 126 -51 9 
28 -63 -24 5 3 -59 

-23 33 4 -40 -81 75 
-125 -63 11 80 69 95 
-125 39 24 -37 123 74 

-100 31 50 9 112 -126 
121 116 91 39 2 97 
-120 114 -126 -18 -104 -67 


-122 44 -13 -57 -19 95 
119 33 -1 18 -116 -126 
59 -81 -99 -110 -19 -5 

19 -16 -24 46 -69 72 
45 34 101 45 51 103 
-43 -38 72 -50 99 99 

121 94 127 -91 -124 -49 
1 -88 21 77 120 79 
-39 -43 69 -41 49 84 

-4 81 29 84 -116 -100 
-22 60 -52 -16 -66 0 
-30 28 -109 -42 66 -122 

-96 119 21 -53 116 91 
36 112 -26 1 21 58 
-104 -65 -44 -86 24 -64 

38 88 -8 -26 -120 -58 
30 -77 -80 126 -51 9 
28 -63 -24 5 3 -59 

-23 33 4 -40 -81 75 
-125 -63 11 80 69 95 
-125 39 24 -37 123 74 

-100 31 50 9 112 -126 
121 116 91 39 2 97 
-120 114 -126 -18 -104 -67 




